51.82
34.77
33.26
46.78
51.22
49.40
52.02
54.23
52.75
52.71
51.12
49.80
48.77
49.61
49.67
48.43
47.46
45.32
42.18
38.65
40.74
51.48
54.22
51.28
53.53
53.37
52.00
52.90
51.08
47.04
47.96
49.70
49.94
50.84
46.93
45.10
39.03
30.79
50.58
50.30
51.19
53.40
53.48
54.80
53.74
52.90
49.42
47.27
46.60
46.76
46.56
50.24
46.45
42.93
42.67
33.56
50.59
54.08
55.22
51.73
53.62
52.09
53.53
52.76
49.74
50.15
50.87
50.52
48.50
47.30
50.55
41.42
39.64
31.51
49.08
51.88
51.32
50.91
53.03
53.26
52.35
51.67
49.46
47.68
48.77
47.51
48.00
50.20
36.60
27.91
21.39
27.98
26.73
37.73
40.05
22.84
30.39
28.93
16.49
15.85