51.82
34.77
33.26
46.78
51.22
49.40
52.03
54.27
52.64
52.75
51.19
49.82
48.72
49.62
49.69
48.45
47.32
45.27
42.00
37.19
33.40
41.66
18.32
36.21
53.56
48.71
5.18
4.97
25.10
44.34
47.21
49.77
50.00
44.21
40.76
39.77
33.52
26.46
47.49
44.45
44.07
53.31
53.44
45.41
42.98
49.09
50.33
48.63
47.74
47.12
46.60
28.82
35.16
32.33
24.76
28.94
40.44
36.59
44.03
41.30
36.52
48.71
35.91
41.53
43.54
44.13
47.41
50.54
48.52
43.68
43.96
41.50
26.97
25.98
40.65
38.42
38.43
34.10
47.54
36.59
42.70
44.26
38.86
39.11
48.82
47.55
48.00
33.13
33.37
24.45
22.34
26.23
26.33
30.60
29.66
26.35
27.49
27.92
24.44
19.40
