51.81973000101503
34.76490689884624
33.259273461377965
46.78290683117733
51.22311570257254
49.40282179390303
52.02048112601081
54.226487870346354
52.75017763091117
52.7073206491705
51.12386795538363
49.804324043894574
48.7656061443378
49.613723256679485
49.6712418374367
48.432900628193124
47.459596016556326
45.277273393709045
42.18367600121804
38.64910282292172
40.74345585166973
51.48025759301657
54.21972097849256
51.27725083740287
53.53288145533287
53.43250589283499
52.07010499960526
52.900177067003504
51.08326660426089
47.16298059029853
47.96260164435472
49.69605377423393
49.93966188097037
50.91071086198924
46.938545343814496
45.101334205510504
39.003236829936725
30.789357934744604
50.5802609764625
50.271239581806086
51.19492031984842
53.394160172330174
53.48212976642945
54.797162416682646
53.73927165687347
52.902432697621435
49.52575366258022
47.270123044650205
46.56072721531122
46.76486178623389
46.56185503062019
50.23514949191921
46.454712576268506
42.92690628982598
42.672020029999885
33.56491141010748
50.587027868316284
54.07536061894505
55.22234878816244
51.73063259160679
53.61521197288732
52.09040567516664
53.52498674817012
52.75694452276495
49.73439949473874
50.152818974364756
50.86785388024857
50.51935894977838
48.49605828549517
47.2960627967564
50.55206559373837
41.419017221739765
39.63932466419299
31.51567099371807
49.08026661553904
51.87724858177225
51.32010781914354
50.908455231371306
53.031003642843444
53.26220578118127
52.344164119683754
51.668602749613726
49.46372382058714
47.68403126304037
48.77124522088263
47.50921989015079
48.0020751801685
50.195675956105426
36.60099022184127
27.907789820339023
21.39127296513923
27.98448126134864
26.73373408370645
37.72767771549731
40.05097725196522
22.841643452468226
30.3867278694441
28.925079229025453
16.49317107830422
15.84693290626727
