51.81973000101503
34.76490689884624
33.259273461377965
46.78290683117733
51.22311570257254
49.40282179390303
52.00018045044943
54.16220239773535
50.43928406284187
52.37123168709892
51.07086063586227
49.68364780583532
48.640418645042686
49.53703181566987
49.63064048631396
48.38102112398074
46.82914725884489
44.57464445622385
41.3310476276405
34.525810053345666
39.647219371355746
49.28665681707963
50.109961992624086
49.85056447156214
53.49453573482806
49.56973845962985
44.16299186845162
49.19868722298036
32.123563445250205
2.0684132766418175
26.28035232950252
49.66334713027394
49.89567708392074
30.702516155954303
40.88104931936346
36.33144236299864
8.008616508960491
19.718722861944126
38.86902680816989
32.12017999932331
27.747640046465992
47.31185221108191
49.45019003687956
29.716805575918887
34.584456449411846
44.99080830523193
46.676892192134616
45.35960391126349
45.136296480088426
43.605851105822914
43.167130950635524
31.57770083571114
46.325013815737535
42.89983872241081
32.75965127950647
31.27995759414438
30.112668749365607
19.170604621787135
16.35896105653738
36.166781327889744
17.892789876729786
38.1438415645054
2.243224649531393
5.032311908601848
30.262668185457947
36.04723290513945
41.16300314660471
46.790801538340084
45.144191187251174
38.29045755467085
30.237856248660723
38.50812590930109
24.455547159597142
25.49539287446288
40.013759346769376
27.84688779365491
32.20363833218672
31.646497569558008
43.37803241341198
25.691632738222786
24.65742609990188
33.22205555618212
17.81948188164706
29.782218863838857
44.86787643655475
43.89006056368209
44.44494569569287
23.561189619587896
28.043127657414825
22.15367611399957
18.89880113232657
22.82247059221582
18.487148544554344
19.175115883022997
21.876233547994183
14.392051157702415
11.414618742034804
17.008582674501223
19.320604057879482
16.49542670892215
