81.26924334870922
78.35045732910778
73.73994834605885
83.35570167029447
85.90794771448228
85.58877598204518
82.63502768786583
74.5181409092447
73.56062571193341
71.56439261506536
70.23244273517768
69.72830929207034
68.19673610249586
68.94898891357552
69.4711674016263
68.51816346555088
71.42341570144474
66.99222935252122
66.83320739395717
62.38510381539919
61.80879019251807
75.40911500332706
74.40084811711233
72.574915131898
73.11852211081913
77.6410614997688
75.01550746049827
72.20273607993954
70.4219157070838
70.23244273517768
69.64146751328002
69.58394893252282
69.48018992409803
80.00157894143256
69.63695625204417
67.26967191852663
67.84260209548084
57.25579979022635
73.50761839241206
78.2083526001782
73.0001015033778
74.16175127161176
72.93807166138473
79.43767128695005
72.9549888910192
72.57153168597111
70.64183969233198
69.46891177100838
69.49485152311458
66.72719275491446
66.81177890308683
79.44331036349487
67.48282901192101
65.60050526125842
68.05124792763937
58.42985552685892
70.8087563580588
78.45083289160567
76.43881038041211
72.45085544791185
73.19408573651978
72.47792301532701
77.19670226803659
71.70085826745012
69.70575298589104
70.82341795707535
71.7662715553701
70.61477212491683
68.8880868868914
73.28431096123698
76.50422366833207
65.85200807515761
66.36403622542772
57.96857906549223
71.74145961857286
76.08693200401501
72.3910812365367
71.21025860805035
72.8715305581558
79.01022928485231
71.70085826745012
70.52454690019962
69.21853677241815
68.79109477032041
69.27943879910225
68.40763756527231
68.93545512986793
80.89368085082387
66.59411054845658
55.60918943913745
58.348652824613445
59.5294754530998
69.47567866286218
63.62457283995173
65.24749906955238
77.87903052996042
64.51216348810719
65.30840109623648
54.33363032469802
52.936267156890395
