51.81973000101503
34.76490689884624
33.259273461377965
46.79756843019387
54.626862305028936
52.97686850801313
52.92724463441867
54.25468325307048
53.2610779658723
52.74115510843944
51.182514351449804
49.9712407096214
48.80846312607847
49.63627956285879
49.69267032830704
48.448690042518635
48.27049522370216
45.38779929398762
42.45209604475171
38.82165856519336
40.981424881861344
52.41747211476648
54.28062300517668
51.35168664779456
53.57235499114665
56.8836207382679
54.97535723549911
52.93965060281728
51.1892812433036
50.01635332197999
50.08966131706272
49.789662444878026
50.00281953827241
54.309946203209755
47.78440682553825
45.191559430227706
41.98066924560434
31.43446829147259
52.990402291720706
56.351291912436416
52.071232814914225
54.00430825448025
53.59829474325285
56.27572828673576
54.19378122638636
53.56220465336597
50.43251717098808
48.71598227074334
48.82199690978605
47.14380773004613
46.643057732865664
52.14228517937902
46.61035108890568
43.08480043308108
43.59570076804223
34.66114789042146
51.63251265972685
55.100544734794234
55.37460385487273
51.80845184792538
53.672730553644534
52.48739666392231
55.40731049883271
52.84378630155526
49.832519426618695
50.22048789290265
51.00770297856023
50.628757034747984
48.59756166330202
48.112601080447064
51.26484486900426
41.58818951808452
41.16413096191368
32.207021778113614
51.36860387742903
54.90092142510743
52.19867594482728
50.96259036620163
53.48776884297427
55.81896308660493
52.427622452547176
51.7272491456799
49.528009293198146
47.81260220826237
48.9235002875929
47.62764049759212
48.19831504392841
53.83626377344446
42.568261021575104
29.68522674726787
33.823181115860464
34.057766700125185
45.37652114089797
41.22841643452468
42.538937823542014
47.61072326795764
40.113007093958295
36.09121770218909
26.697643993819568
21.022477359107672
