51.81973000101503
35.42242322397284
35.92430103646227
50.14266863658408
56.07948842297586
53.08965003890963
53.60506163510663
54.40242705854489
54.27836737455875
52.932883710963495
51.262589238386326
50.19905940203232
48.916733395739115
49.78176773771527
49.803196228585605
48.53327619069101
49.237032943485175
45.48591922586757
42.89307183055703
38.97616926252157
41.27465686219225
53.06934936334826
54.33250250938906
51.506197345122764
53.75054980996312
57.749782895553025
56.233999120304055
53.139273912504095
51.314468742598706
50.18439780301578
50.312968748237786
49.98590230863794
50.12011233040477
55.60467817790159
48.36974297089109
45.29531843865249
42.48818613463859
31.68935455129868
53.2035593851151
57.005424791636116
52.149052071232816
54.300923680738045
53.8994214307465
60.81067364408405
59.80917364972312
59.01631948752072
56.34339720527366
54.86144788929364
54.87385385769227
53.04340961124206
52.74792200029324
60.793756414449575
46.46260728343127
43.167130950635524
43.77502340216766
35.26452908071774
51.32236344976147
54.45769000868418
60.23210439058499
52.82235781068492
53.96145127273958
53.389648911094326
61.3373633933707
58.42759989624099
55.591144394194004
56.12572885064342
56.92196645877271
56.33437468280194
54.665208025533744
55.57648279517746
53.342280668117795
41.50021992398525
40.66450878004218
31.575445205093217
51.16898056774223
52.44341186687268
52.35882571870031
51.82988033879572
53.776489562069315
59.599400002255635
56.45053965962534
57.359558798651136
55.36219788647411
53.862203525550655
54.897537979180534
53.75054980996312
54.302051496047014
62.02645854714832
42.105856744899455
27.83899308649216
33.15213100702629
34.028443502092095
43.573144461862924
40.781801572174544
42.66299750752817
53.529498009405984
38.11113492054542
39.25586745914489
29.24086751553566
26.757418205194718
