51.81973000101503
34.76490689884624
33.259273461377965
46.78290683117733
51.22311570257254
49.43440062255405
52.60243382543675
54.23776602343601
52.82574125661181
52.71408754102428
51.16108586057947
49.919361205409004
48.78026774335435
49.63176830162293
49.67688091398153
48.436284074120024
48.00658644140435
45.34268668162902
42.26149525753662
38.70549358836997
40.80548569366281
51.67988090270337
54.255811068379444
51.30093495889113
53.544159608422525
56.51708076285428
54.74189946654335
52.9103274047842
51.10356727982226
49.98477449332897
49.95319566467795
49.71071537325047
49.95319566467795
53.51821985631633
47.50809207484183
45.15321370972289
41.422400667666665
31.264168179818874
52.7975458738877
54.14866861402776
52.01484204946598
53.977240687065084
53.545287423731494
55.19866466667419
54.06408246585539
53.40431051011086
50.31748000947365
48.623501415408214
48.73289950037782
47.107717640159244
46.600200751125
51.347175386558696
46.59117822865328
43.04419908195834
43.037432190104546
34.350998680456094
51.449806579674515
54.79941804730058
55.350919733384465
51.76446705087575
53.63776827906662
52.24266074187691
55.06107119898046
52.81107965759527
49.7840233683332
50.17199183461716
50.9411618753313
50.5802609764625
48.57162191119582
47.53403182694802
51.013342055105056
41.52503186078248
40.51789278987673
31.859654662952398
51.17800309021394
53.178747448317864
52.07799970676802
50.92537246100579
53.43476152345292
55.3847541926534
52.394915808587186
51.705820654809564
49.50094172578299
47.732527321325854
48.8524479231281
47.593806038323166
48.14869117033395
51.8174743703971
41.98292487622227
29.54086638772035
33.08671771910632
32.938973913631905
40.26187871474167
41.03668783200063
42.4588629366055
33.47130273946339
39.70248232149503
30.642741944579154
20.040150224999152
19.1040635185582
