51.81973000101503
34.76490689884624
33.259273461377965
46.78290683117733
51.22311570257254
49.40282179390303
52.00018045044943
54.16220239773535
50.43928406284187
52.37123168709892
51.07086063586227
49.68364780583532
48.63703519911579
49.51785895541746
49.615978887297416
48.36974297089109
43.12765741482175
35.920917590535375
35.75400092480855
3.524422840515637
30.569433949496432
19.866466667418546
3.5052499802632324
34.46716365727948
53.381754203931564
46.36335953624234
3.0879583159461808
2.1236762267811025
4.066902004127805
2.036834447990797
25.96005278175646
49.556204675922274
49.79868496734975
30.487103431941986
43.24495020695411
17.940158119706318
1.3319498798876697
2.571418904440209
1.5823248784779005
1.6601441347964856
2.092097398130082
2.8240495336483695
2.7913428896883845
1.3894684606448848
0.3507505610881162
1.2372133939346093
4.189833872804989
1.9951052815590917
3.784948176886553
2.5770579809850336
21.60104661260672
17.75406859372709
1.6150315224378855
2.1992398524817576
1.5135281446310351
14.597313543934046
19.7390235375055
20.18112713861978
16.17625497648505
20.85104943214499
9.032672809500717
22.798786470727553
1.5541294957537752
2.1857060687741776
4.531561911421385
2.196984221863828
21.183754948289668
46.78854590772215
45.134040849470495
38.282562847508096
31.241611873639574
29.801391724091264
5.281559091883113
16.556328735606257
20.14052578749704
13.767241476535801
6.082307961248266
1.9420979620377365
30.234472802733826
19.671354618967598
9.933797241363754
8.057112567245987
2.1248040420900676
12.841305107875534
44.3152469351619
2.022172848974252
8.239818647298318
0.7375912120631126
8.385306822154803
17.450686275615503
10.09507483054575
14.33002131570934
0.9811993187995534
1.4481148567110649
1.3003710512366495
0.9552595666933583
0.5458626095390618
0.4973665512535667
3.778181285032763
3.639460002030068
