51.81973000101503
34.76490689884624
33.259273461377965
46.78290683117733
51.22311570257254
49.40282179390303
52.00018045044943
54.16220239773535
50.43928406284187
52.37123168709892
51.07086063586227
49.68364780583532
48.63703519911579
49.51785895541746
49.615978887297416
48.36974297089109
43.12765741482175
35.920917590535375
35.75400092480855
3.524422840515637
30.569433949496432
19.866466667418546
3.5052499802632324
34.46716365727948
53.381754203931564
45.600956387382006
1.5710467253882503
2.120292780854207
2.290592892507923
2.031195371445972
25.934113029650263
49.52462584727125
49.79642933673182
29.03786075992196
34.15701444731411
1.6951064093744008
1.3296942492697397
2.5206672155367835
1.5654076488434254
1.6319487520723608
2.0853305062762924
2.8161548264856147
2.7654031375821897
1.3815737534821297
0.3473671151612212
1.221423979609099
4.188706057496025
1.9928496509411617
3.780436915650693
2.5770579809850336
2.5409678910981537
0.886462832846493
1.5146559599400002
1.5045056221593152
1.4108969515152199
2.1225484114721374
12.613486415464603
6.266141856609561
2.584952688147789
10.810109736429563
3.8165270055375733
23.13149198687223
1.5146559599400002
1.9702933447618618
4.5281784654944905
2.1981120371727925
21.123980736914522
46.76035052499803
45.13742429539739
37.886699674061376
28.071323040138946
2.4902162021947287
4.772914387539896
15.93490250036654
20.11571385069981
0.23571339957368578
6.057496024451036
1.9195416558584366
19.861955406182684
0.8154104683816977
2.074052353186642
2.1462325329604024
2.0988642899838723
3.3744234044232915
2.1778113616114223
2.013150326502532
7.263130589734625
4.841711121386762
9.91913564234721
18.673238070533568
3.3507392829350264
4.684944793440627
1.990594020323232
1.5270619283386153
1.4018744290435
1.4120247668241848
0.5334566411404469
0.8052601306010129
4.864267427566062
5.190206051856948
