51.81973000101503
34.76490689884624
33.259273461377965
46.78290683117733
51.22311570257254
49.40282179390303
52.00018045044943
54.16220239773535
50.43928406284187
52.37123168709892
51.07086063586227
49.68364780583532
48.63703519911579
49.51785895541746
49.615978887297416
48.36974297089109
43.12765741482175
35.920917590535375
35.75400092480855
3.524422840515637
30.569433949496432
19.866466667418546
3.5052499802632324
34.46716365727948
53.381754203931564
45.600956387382006
1.5710467253882503
2.120292780854207
2.290592892507923
2.031195371445972
25.934113029650263
49.23364949755828
49.79079026018699
25.042011120258945
1.4221751046048698
1.6522494276337305
1.2530028082601194
2.1552550554321224
1.45826519449175
1.6048811846572006
2.060518569479062
2.4857049409588683
2.684200435336709
1.2845816369111394
0.30789357934744604
1.1300709395829338
3.9755489641016384
1.9466092232735968
3.708256735876933
2.5342009992443635
2.5082612471381687
0.8571396348134028
1.5011221762324203
1.45600956387382
1.1210484171112138
1.8405945842308864
1.0669132822808938
1.707512377773016
2.4214194683478634
2.1811948075383176
1.9071356874598215
4.686072608749591
1.4785658700531201
1.2654087766587343
2.7202905252235894
2.051496047007342
1.7898428953274612
3.074424532238601
2.019917218356322
24.575095582347434
0.26729222822470594
2.413524761185108
3.6608884929004026
15.80858718576246
19.99165416671366
0.20526238623163073
5.327799519550679
1.757136251367476
13.677016251818602
0.8007488693651527
2.0278119255190767
2.1169093349273123
2.0717967225687124
3.3676565125695017
2.1518716095052275
1.9804436825425469
6.861628339743084
0.6789448159969323
2.045856970462517
1.5879639550227254
1.3894684606448848
3.7511137176176033
0.878568125683738
1.2721756685125243
0.7827038244217127
0.3124048405833061
0.4082691418453314
0.45225393889496657
3.7274295961293378
3.355250544170887
