51.81973000101503
34.76490689884624
33.259273461377965
46.78290683117733
51.22311570257254
49.40282179390303
52.00018045044943
54.16220239773535
50.43928406284187
52.37123168709892
51.07086063586227
49.68364780583532
48.63703519911579
49.51785895541746
49.615978887297416
48.36974297089109
43.12765741482175
43.57878353840775
39.279551580633154
33.89085003439837
30.67544858853914
37.49534776185052
22.293525212311234
34.98483088409442
53.48100195112049
47.79342934800997
42.6201405257875
5.2984763215175885
4.13118747673881
2.0526238623163073
26.23862316307082
49.65206897718429
49.88552674614005
30.608907485310205
40.6994710546201
33.68558764816674
1.3838293841000597
9.939436317908578
33.52543787429371
32.11792436870538
25.887872601982696
47.28591245897572
39.94270698230458
8.65259905037951
15.113852955440017
35.94121826609674
14.21047289295905
20.125864188480495
44.95810166127195
43.59570076804223
43.152469351618976
24.449908083052318
27.800647365987345
2.8635230694621447
1.6353321979992557
15.384528629591617
30.016804448103578
15.690166578321135
2.654877237303619
17.38865643362243
17.394295510167254
38.0953455062199
2.1608941319769475
5.028928462674952
25.709677783166228
27.408167638467525
22.25517949180642
46.781779015868366
45.149830263796
38.00963154273856
30.66417043544949
11.683038785568476
12.457847902827433
25.47283656828358
26.40441201348867
33.1645369754249
17.19354438517148
3.0597629332220553
29.078462111044693
21.400295487610947
5.057123845399078
13.364611411235297
11.671760632478826
26.93335739339326
44.86787643655475
43.90472216269863
43.27991248153202
9.021394656411067
10.573268521546913
17.25331859654663
9.085680129022071
5.234190848906583
18.332637847226138
15.249190792515819
11.300709395829339
3.800737591212063
1.0996199262408788
1.3071379430904395
5.281559091883113
6.868395231596875
