51.81973000101503
34.76490689884624
33.259273461377965
46.78290683117733
51.22311570257254
49.40282179390303
52.00018045044943
54.16220239773535
50.43928406284187
52.37123168709892
51.07086063586227
49.68364780583532
48.63703519911579
49.51785895541746
49.615978887297416
48.36974297089109
43.12765741482175
35.920917590535375
35.75400092480855
3.524422840515637
30.569433949496432
19.866466667418546
3.5052499802632324
34.46716365727948
53.381754203931564
45.600956387382006
1.5710467253882503
2.120292780854207
2.290592892507923
2.031195371445972
25.934113029650263
49.52462584727125
49.79642933673182
29.035605129304027
29.22395028590118
1.693978594065436
1.3296942492697397
2.5263062920816086
1.5665354641523903
1.6319487520723608
2.0842026909673272
2.8161548264856147
2.7665309528911544
1.3827015687910948
0.3473671151612212
1.221423979609099
4.188706057496025
1.9928496509411617
3.7815647309596576
2.5770579809850336
2.5409678910981537
0.886462832846493
1.5146559599400002
1.5045056221593152
1.472926793508295
2.202623298408653
16.26084112465743
7.455987007567641
2.598486471855369
5.883812466870425
4.32742734049872
22.576606854861446
1.5349566355013702
2.1845782534652125
4.459381731647626
2.1744279156845274
21.12285292160556
46.49644174270022
45.13178521885256
37.69384325622836
23.34126563433972
2.4845771256499036
4.767275310995071
15.942797207529294
20.120225111935667
0.23458558426472081
6.056368209142072
1.9375867008018768
22.722095029717934
10.227029221694655
5.401107514633403
2.334577689557558
2.1123980736914523
12.817620986387269
4.630809658610306
2.007511249957707
7.368017413468371
0.7172905365017425
8.209367633956264
14.755207687189145
1.4695433475814
4.267653129123575
0.9530039360754283
1.3962353524986748
1.2744312991304545
0.9462370442216382
0.5120281502701117
0.4702989838384066
3.762391870707253
3.614648065232837
