51.81973000101503
34.76490689884624
33.259273461377965
46.78290683117733
51.22311570257254
49.43440062255405
52.60243382543675
54.23776602343601
52.82574125661181
52.71408754102428
51.16108586057947
49.919361205409004
48.78026774335435
49.63176830162293
49.67688091398153
48.436284074120024
48.00658644140435
45.34268668162902
42.26149525753662
38.70662140367893
40.81112477020763
51.70018157826475
54.255811068379444
51.30431840481803
53.544159608422525
56.53061454656185
54.84114721373228
52.92386118849177
51.114845432911906
50.00056390765448
50.01522550667102
49.75131672437322
49.979135416784146
53.42799463159913
47.48102450742666
45.162236232194616
41.93330100262781
31.335220544283672
52.75130544622013
55.40392705290582
51.983263220814955
53.95581219619475
53.575738437073554
55.56746027270574
54.153179875263625
53.46070127555912
50.341164130961914
48.628012676644076
48.74868891470333
47.1189957932489
46.56411066123812
51.41597212040556
46.46373509874023
43.04532689726731
43.445701331949884
34.541599467671176
51.1475520768719
54.29190115826632
55.31144619757069
51.75544452840403
53.65468550870109
52.336269412521006
54.85919225867571
52.80544058105045
49.77048958462562
50.170864019308205
50.942289690640266
50.58364442238938
48.537787451926874
47.54192653411077
50.76747831775068
41.52728749140041
40.097217679632784
31.947624257051665
51.024620208194705
53.91295521445409
52.05205995466182
50.853192281232026
53.43250589283499
55.06107119898046
52.37461513302581
51.69228687110199
49.497558279856094
47.72914387539897
48.854703553746035
47.580272254615586
48.14981898564291
52.83476377908354
41.57803918030383
29.121319092785363
33.12731907022906
33.2807019522483
42.691192890252296
41.16187533129575
42.43066755388137
35.57693392130105
38.105495844000586
30.8378539930301
20.204811260108045
18.69353874609494
