51.81973000101503
34.76490689884624
33.259273461377965
46.78290683117733
51.22311570257254
49.40282179390303
52.00018045044943
54.16333021304431
52.47724632614164
52.698298126698774
51.112589802293975
49.7648505080808
48.684403442092325
49.597933842353974
49.657708053729124
48.42387810572141
47.33891977849707
44.694192878974135
41.95134604757125
35.94347389671467
40.56977229408912
49.44793440626163
50.17199183461716
49.904699606392455
53.51821985631633
52.36784824117202
47.36034826936741
49.252822357810686
47.29831842737433
46.13328521321348
47.940045338175416
49.69267032830704
49.935150619734515
44.87013206717268
46.284412464614796
45.088928237111894
34.42769012146571
30.21642775779038
49.06786064714043
33.22656681741798
37.66564787350424
50.77311739429551
53.429122446908096
41.37164897876324
53.71333190476728
49.338536321292025
46.71185446671253
45.375393325589
45.20396539862632
43.61938488953049
43.17953691903414
30.661914804831557
46.00133082206458
42.93818444291563
32.456268961394876
31.776196330088986
39.93481227514182
34.54272728298014
42.935928812297696
39.69233198371435
36.008887184634645
43.4513404084947
34.4570133194988
48.494930470186205
45.8490757553543
46.35772045969752
47.13027394633855
46.81674129044628
45.15095807910497
41.49796429336732
38.83632016420991
41.349092672583936
31.623941263378708
27.365310656726855
41.85097048507336
36.19046544937801
35.829564550509204
40.5381934654381
48.30771312889801
36.67204258630606
47.68967033958519
45.40697215424002
33.41265634339721
36.43632918673238
45.86824861560671
45.06524411562363
45.54569343724272
39.11489054552427
34.19761579843685
22.82021496159789
20.07285686895914
24.982236908883802
21.414957086627496
21.419468347863354
24.498404141337815
17.975120394284232
27.297641738188954
25.595768436960764
23.719083762842995
19.6036857004297
