74.86889147033283
70.4963515174755
68.35575806105993
76.84933515287537
81.15646181781273
79.55158063315551
80.04669155379115
81.31661159168576
81.22525855165958
80.39518648426134
79.67902376306856
79.54255811068379
78.61887737264146
78.96962793372957
79.80872252359954
78.65835090845523
80.11323265702008
76.88768087338018
75.58730982214352
72.90649283273372
70.79071131311537
80.54067465911783
80.43691565069304
79.06436441968263
80.31398378201585
83.32750628757036
82.1624730734095
80.66586215841293
79.61135484453065
79.28992748147563
78.923387506062
78.84444043443446
78.85120732628825
84.95156033247996
78.53993030101391
75.97415047311851
75.2658824590885
66.31554016714223
78.74293705662761
82.38126924334871
79.23128108540945
80.15608963876075
80.4933064161413
84.80719997293244
81.40796463171192
80.80796688734253
79.88203051868226
78.8748914477765
79.2493261303529
77.27903278559103
77.40647591550407
84.27148770117405
78.3854196036857
76.4647501325183
76.45347197942864
69.19485265092989
77.37940834808892
82.99367295611671
82.38239705865767
78.85684640283307
80.35684076375654
80.46511103341717
84.20381878263615
80.72112510855223
79.27639369776806
79.97000011278153
80.71886947793429
80.12451081010974
78.55120845410356
80.72450855447912
83.06359750527254
76.2549764850508
75.31212288675606
68.2497434220172
77.85872985439904
81.59969323423596
79.42752094916936
79.35308513877769
80.90383118860456
84.87712452208827
80.51699053762957
79.74669268160646
79.27075462122323
79.28428840493082
79.35759640001353
79.05534189721092
78.8624854793779
85.83915098063541
75.80046691553791
66.02005255619339
65.71779805339078
68.14260096766553
77.56324224345022
74.27114935658136
75.61888865079455
83.3320175488062
73.88769215153327
73.03393596264675
62.89487633505138
59.05015394678968
