51.81973000101503
34.76490689884624
33.259273461377965
46.78290683117733
51.22311570257254
49.40282179390303
52.00018045044943
54.16220239773535
50.43928406284187
52.37123168709892
51.07086063586227
49.68364780583532
48.63703519911579
49.52011458603539
49.62274577915121
48.37538204743591
46.56862192247397
44.494569569287336
41.31976947455085
34.493103409385675
39.57052793034613
42.485930504020665
50.10206728546134
49.822369088838016
53.49115228890117
48.753200175939185
43.473896714674005
38.12579651956195
4.141337814519494
2.065029830714922
26.261179469250116
49.66334713027394
49.89454926861177
30.674320773230175
40.727666437344226
35.004003744346825
7.886812455592272
19.639775790316577
38.758500907891325
32.12017999932331
25.895767309145455
47.30621313453709
49.42988936131819
29.70214397690234
34.5697948503953
44.97614670621539
46.672380930898754
45.35960391126349
45.134040849470495
43.604723290513945
43.16261968939966
29.759662557659556
46.27538994214307
42.8231472814012
31.101762775327913
31.264168179818874
30.105901857511814
19.16383772993335
16.35670542591945
18.13301453753933
17.478881658339628
38.07053356942267
2.2014954830996873
5.019905940203232
25.770579809850343
27.403656377231666
36.44196826327721
46.76824523216078
45.144191187251174
37.81677512490555
25.587873729798012
6.786064714042428
20.146164864041864
25.46494186112082
39.993458671208
27.610046578772263
31.852887771098604
31.613790925598025
42.657358430983344
25.47283656828358
24.597651888526734
28.46154713704084
17.378506095841743
29.752895665805767
44.86336517531889
43.88554930244623
44.43141191198529
21.015710467253882
15.082274126788997
18.4273743331792
16.504449231393867
20.528494253781002
18.444291562813675
18.72962883598182
21.77021890895147
14.355961067815533
11.34582200818794
16.874372652734387
19.296919936391216
15.9168574554231
