51.81973000101503
34.76490689884624
33.259273461377965
46.78290683117733
51.22311570257254
49.40282179390303
52.00018045044943
54.16220239773535
50.43928406284187
52.37123168709892
51.07086063586227
49.68364780583532
48.63703519911579
49.51785895541746
49.615978887297416
48.37312641681798
46.50997552640779
44.48780267743354
41.25435618663087
34.42543449084778
33.09461242626908
40.666764410660114
49.30131841609618
48.00658644140435
53.48212976642945
47.91636121668715
42.71826045766745
9.355227987864707
4.13118747673881
2.0526238623163073
26.240878793688744
49.65319679249326
49.88552674614005
30.626952530253647
40.71187702301871
34.28445757722715
7.8687674106488315
19.61496385351935
34.5021259318574
32.11792436870538
25.893511678527524
47.29267935082951
49.42876154600923
28.7107943203221
34.1829541994203
42.85698174067015
46.65208025533739
45.34832575817384
45.12614614230774
43.602467659896014
43.15698061285484
26.17659332107774
45.53441528415307
14.944680659095265
1.6353321979992557
15.386784260209549
30.093495889113196
19.012710478532036
12.69581693301905
17.387528618313464
17.40670147856587
38.089706429675076
2.1439769023424726
5.028928462674952
25.768324179232412
27.412678899703387
36.474674907237194
46.79869624550284
45.147574633178074
38.33444235172048
31.56755049793046
31.749128762673823
12.447697565046747
25.346521253679498
34.547238544216
26.58486246292307
26.036744222766078
3.5052499802632324
30.580712102586084
20.51044920883756
9.958609178160986
14.72701230446502
14.570245976518887
26.0457667452378
44.89268837335198
43.906977793316564
43.253972729425826
6.251480257593016
10.278908725907046
17.628881094431975
11.025522460441877
14.877011740557366
17.096552268600494
15.249190792515819
20.222856305051483
12.331532588223352
1.0759358047526137
3.393596264675697
5.366145240055489
12.95747008469893
