51.81973000101503
34.76490689884624
33.259273461377965
46.78290683117733
51.22311570257254
49.43440062255405
52.60130601012778
54.23663820812704
52.82574125661181
52.71408754102428
51.16108586057947
49.918233390100035
48.78026774335435
49.628384855696034
49.67575309867256
48.43402844350209
47.984030135225055
44.751711459731354
42.03593219574363
36.00550373870775
40.65323062695253
50.04116525877722
50.20582629388611
49.95319566467795
53.55092650027632
56.23851038153992
54.009947331025074
52.93175589565453
51.03025928473953
50.03101492099654
50.02424802914275
49.77048958462562
49.99830827703655
53.429122446908096
47.434784079759105
45.18366472306495
41.758489629738236
31.29123574723403
52.667847113356714
54.71595971443717
51.99341355859565
53.97498505644715
53.589272220781126
52.63514046939674
54.14754079871881
53.47310724395773
50.345675392197776
48.63252393787994
48.76109488310194
47.1189957932489
46.56974973778294
44.63216303698106
46.079150078383165
43.03404874417765
37.38031060033609
34.26641253228372
49.15019116469487
43.37916022872094
47.20245412611231
51.735143852842654
53.632129202521796
51.54905432686343
46.541554355058814
52.63288483877881
49.7648505080808
50.16635275807234
50.94567313656716
50.52499802632321
48.491547024259305
45.002086458321585
43.44006225540505
40.737816775124905
33.54348291923714
28.831470558381362
46.11072890703418
43.909233423934495
48.39681053830625
50.46635163025704
53.411077401964654
51.97987977488806
48.565982834651
51.3663482468111
49.47049071244093
47.66711403340589
48.78026774335435
47.4990695523701
48.042676531291235
48.04831560783606
35.23520588268465
24.764568554253554
24.667576437682566
27.995759414438293
31.753640023909686
32.47544182164729
42.06525539377671
38.730305525167196
34.90926725839377
33.331453641151725
24.708177788805305
21.448791545896444
