51.81973000101503
34.76490689884624
33.259273461377965
46.78290683117733
51.22311570257254
49.40282179390303
52.00018045044943
54.16220239773535
50.43928406284187
52.40281051574994
51.099056018586396
49.72424915695805
48.66184713591302
49.56071593715813
49.64642990063947
48.39681053830625
47.00395863173446
44.669380942176915
41.93330100262781
35.89046657719332
40.283307205612005
49.42988936131819
50.150563343746825
49.8968048992297
53.504686072608756
51.38100984582765
46.475013251829886
49.217860083232765
47.28704027428468
46.122007060123835
38.24760057293018
49.6712418374367
49.91484994417314
31.45138552110706
41.34570922665704
41.86450426878095
27.478092187623353
20.595035357009937
39.23331115296559
32.252134390472214
27.899895113176264
47.38290457554671
49.456956928733355
29.83297055274228
34.74798966921177
45.405844338931054
46.67350874620772
45.36073172657245
45.175770015902195
43.60810673644084
43.169386581253455
31.124319081507213
44.795696256780985
42.93028973575287
33.74761749015981
31.66454261450145
36.15775880541802
29.99650377254221
35.68294856034376
47.64568554253555
45.89644399833083
43.25058928349893
23.466453133634836
30.73635061522325
37.0126428096135
36.31226950274623
41.250972740703986
46.81335784451938
45.14531900256014
39.03707128920568
32.25326220578118
41.276912492810176
25.773963255777232
25.709677783166228
40.140074661373454
33.57280611727024
33.007770647478765
31.6532644614118
44.929906278547826
29.9322182999312
26.941252100556014
40.90134999492483
40.95999639099101
43.808857861436614
44.898327449896804
43.91374468517036
44.89719963458784
36.313397318055195
32.81716986026368
21.487137266401255
18.01459393009801
22.40066766666291
21.180371502362775
19.970225675843324
21.363077582415105
16.87888391397025
12.593185739903234
19.728873199724813
21.170221164582088
18.157826474336563
