51.81973000101503
34.76490689884624
33.259273461377965
46.78290683117733
51.22311570257254
49.40282179390303
52.00018045044943
54.16220239773535
50.43928406284187
52.37123168709892
51.07086063586227
49.68364780583532
48.63703519911579
49.51785895541746
49.615978887297416
48.36974297089109
43.12765741482175
35.920917590535375
35.75400092480855
3.5638963763294127
30.64838102112398
34.744606223284876
3.567279822256307
34.9306957492641
53.44716749185153
47.767489595903776
40.344209232296116
2.1507437941962624
4.102992094014684
2.0424735245356223
26.19689399663911
49.63740737816775
49.88327111552212
30.580712102586084
43.445701331949884
19.212333788218842
1.3511227401400747
2.80826011932286
2.8443502092097397
25.592384991033867
12.448825380355713
44.71900481577137
3.2131458152412957
9.715001071424544
3.4341976157984373
23.54652802057135
4.232690854545659
2.030067556137007
21.345032537471663
43.37916022872094
43.151341536310014
24.338254367464785
20.078495945503963
2.7789369212897697
1.698489855301296
15.462347885910201
33.64498629704399
20.18338276923771
16.318359705414643
39.61451272739576
9.482671117777752
24.76569636956252
2.405630054022353
6.2920816087157565
33.41829541994203
4.007127792752659
21.217589407558616
46.7964406148849
45.136296480088426
38.424667576437685
31.89574475283927
38.760756538509256
12.81085409453348
25.140131052138905
21.223228484103444
20.247668241848714
6.105992082736531
3.233446490802666
30.273946338547596
19.68714403329311
9.937180687290649
20.76533546866365
2.1383378257976475
12.8424329231845
44.8791545896444
43.90246653208071
43.48291923714572
6.224412690177856
9.94169194852651
17.468731320558945
10.19883383897053
19.583385024868328
1.0206728546133284
1.5214228517937902
1.3082657583994046
3.2763034725433364
0.6225540505486822
1.3375889564324945
3.984571486573359
10.834921673226793
