200,70.07091555489993,29.92908444510008
65736,49.891916344028466,50.108083655971534
131272,47.99503041872309,52.00496958127692
196808,47.387558204856056,52.61244179514395
262344,46.21734271535783,53.78265728464218
327880,43.51221186855196,56.48778813144805
393416,40.298472618412426,59.70152738158758
458952,37.79251298926788,62.20748701073212
524488,34.77042246515998,65.22957753484002
590024,32.96504703023421,67.03495296976578
655560,29.923118331048954,70.07688166895105
721096,27.34989612307473,72.65010387692527
786632,24.262776083619432,75.73722391638057
852168,21.287568614540874,78.71243138545913
917704,19.509136556681522,80.49086344331847
983240,17.20205491464002,82.79794508535998
1048776,15.18342191715718,84.81657808284282
1114312,14.35869969390113,85.64130030609887
1179848,14.006958361147944,85.99304163885205
1245384,13.835452318850338,86.16454768114966
