200,70.7462255306148,29.253774469385206
65736,48.37758351629228,51.62241648370771
131272,47.386881518952336,52.613118481047664
196808,45.926458001545775,54.073541998454225
262344,44.4101853408856,55.5898146591144
327880,41.49759387409785,58.50240612590215
393416,38.866605246142804,61.133394753857196
458952,36.71296213276961,63.28703786723039
524488,35.49621320929229,64.50378679070771
590024,33.84424246873965,66.15575753126035
655560,31.017341993559526,68.98265800644047
721096,27.80360274341999,72.19639725658001
786632,24.21310733828645,75.78689266171355
852168,21.256565122052145,78.74343487794786
917704,19.671157718228667,80.32884228177133
983240,17.181348325986214,82.8186516740138
1048776,15.264500166521122,84.73549983347888
1114312,14.351887722470359,85.64811227752965
1179848,14.060518050427309,85.9394819495727
1245384,13.835452318850338,86.16454768114966
