200,78.0526964636282,21.947303536371813
65736,48.5726720623345,51.4273279376655
131272,47.967579527228885,52.032420472771115
196808,47.33610751997661,52.66389248002339
262344,46.128696861970624,53.87130313802938
327880,42.76633483117758,57.23366516882243
393416,40.16628202712089,59.83371797287911
458952,37.40802005877468,62.59197994122532
524488,35.13208852450105,64.86791147549896
590024,32.93744952346087,67.06255047653913
655560,30.26664920817035,69.73335079182965
721096,27.473425134798653,72.52657486520134
786632,24.887063942193883,75.11293605780612
852168,22.07033631176634,77.92966368823366
917704,19.94586963894183,80.05413036105817
983240,17.19144222405003,82.80855777594998
1048776,15.17841444146966,84.82158555853034
1114312,14.35869969390113,85.64130030609887
1179848,14.006958361147944,85.99304163885205
1245384,13.835452318850338,86.16454768114966
