51.81973000101503
34.76490689884624
33.259273461377965
46.78290683117733
51.22311570257254
49.40282179390303
52.00018045044943
54.16220239773535
50.43928406284187
52.37123168709892
51.07086063586227
49.68364780583532
48.63703519911579
49.51785895541746
49.615978887297416
48.37312641681798
46.50997552640779
44.96035729188988
41.26788997033846
36.77467377942188
33.09348461096011
40.97691362062549
40.1772925665693
35.01077063620062
53.48325758173842
47.8182412848072
42.50961462550893
2.1563828707410875
4.246224638253239
2.053751677625272
26.249901316160468
49.654324607802224
49.88552674614005
30.615674377163998
43.57652790778982
19.875489189890263
7.872150856575727
19.676993695512422
35.33445362987357
32.41115634903628
32.52844914116864
49.02725929601768
48.40132179954211
12.322510065751633
29.543122018338273
36.36076556103173
46.64982462471946
45.34832575817384
43.856226104413146
43.59682858335119
43.15472498223691
24.525471708752974
23.924346149074626
3.1060033608896207
1.6894673328295757
15.467986962455027
33.752128751395674
20.189021845782534
16.32061533603257
39.616768358013694
9.416130014548818
43.2066044864493
9.743196454148668
6.340577667001251
34.376938432562284
46.33629196882719
31.619430002142852
46.79869624550284
45.13967992601531
38.44271262138112
32.09536806252608
39.36300991349657
13.044311863489236
25.184115849188537
23.529610790936875
20.35932195743625
6.210878906470276
3.566152006947342
30.758906921402552
20.344660358419706
9.943947579144439
20.778869252371234
2.1608941319769475
22.298036473547093
44.90734997236853
43.926150653568975
44.651335897233466
25.325092762809163
23.137131063417055
17.63903143221266
10.39056244149458
19.692783109837933
1.0488682373374536
1.6060089999661655
1.3240551727249146
3.283070364397126
1.0330788230119436
10.409735301746986
16.220239773534686
12.325893511678528
