51.81973000101503
34.76490689884624
33.259273461377965
46.78290683117733
51.22311570257254
49.40282179390303
52.00018045044943
54.16220239773535
50.43928406284187
52.37123168709892
51.07086063586227
49.68364780583532
48.63703519911579
49.51785895541746
49.615978887297416
48.36974297089109
43.12765741482175
35.920917590535375
35.75400092480855
3.5638963763294127
30.64838102112398
34.89122221345033
7.2349352070104995
34.932951379882034
53.44716749185153
47.783279010229286
42.5942007736813
4.38832936718283
4.104119909323649
2.0424735245356223
26.19689399663911
49.63627956285879
49.88327111552212
30.582967733204008
40.68706508622148
33.02130443118635
1.3511227401400747
2.7518693538746097
2.840966763282845
25.452535892722207
12.508599591730857
47.270123044650205
7.267641850970485
8.588313577768504
6.259374964755772
28.690493644760735
4.232690854545659
2.030067556137007
21.338265645617874
43.58555043026154
43.151341536310014
25.115319115341673
34.53257694519946
2.849989285754565
1.6375878286171857
15.383400814282652
30.008909740940826
19.009327032605142
7.6398209029289355
17.378506095841743
17.30294247014109
25.013815737534824
2.129315303325927
5.022161570821162
25.680354585133138
10.154849041920896
21.162326457419333
46.53817090913192
45.149830263796
36.14084157578355
0.4601486460577216
2.5026221705933436
12.430780335412273
25.424340509998082
30.614546561855033
26.60741876910237
16.74918515343927
3.1048755455806556
30.277329784474492
21.103680061353153
10.00033834459269
12.937169409137558
11.40446840425412
12.96874823778858
44.84532013037545
23.3547994180473
17.249935150619734
12.169127183732392
6.6992229352521235
1.996233096868057
2.800365412160105
4.885695918436396
17.24204044345698
15.660843380288044
16.161593377468506
0.4206751102439465
0.9315754452050932
1.2744312991304545
5.079680151578377
5.231935218288653
