51.81973000101503
34.76490689884624
33.259273461377965
46.78290683117733
51.22311570257254
49.40282179390303
52.00018045044943
54.16220239773535
50.43928406284187
52.40281051574994
51.099056018586396
49.72424915695805
48.66184713591302
49.56071593715813
49.64642990063947
48.39793835361521
47.01410896951515
45.192687245536675
41.98405269153124
38.54872726042383
39.93481227514182
51.38213766113662
54.17348055082499
51.25582234653253
53.50694170322669
50.73251604317277
49.22801042101346
52.494163555776105
42.49156958056549
2.074052353186642
26.35929940113007
49.672369652745665
49.915977759482104
30.935973924910055
44.41111123642392
41.88029368310646
27.452152435517156
20.671726798019556
40.71977173018146
32.46980274510246
35.71339957368581
49.09605602986455
49.47612978898576
33.43746828019444
41.48781395558663
46.20208194706035
46.6870425299153
45.36975424904418
45.19945413739046
43.62389615076635
43.18517599557896
33.275062875703476
46.40847214860094
42.91788376735426
33.83558708425908
32.31754767839219
41.37503242469013
31.437851737399487
34.347615234529194
50.11447325385995
51.29755151296423
46.314863477956855
37.16151443039688
39.399100003383445
41.34232578073015
50.08740568644478
49.29004026300653
46.80884658328352
45.146446817869105
41.424656298284596
37.331814542050594
38.6818094668817
25.767196363923446
25.775091071086198
40.577667001251875
30.491614693177844
39.12955214454081
34.46378021135259
45.375393325589
34.507765008402224
46.67914782275255
47.6569636956252
47.711098830455526
47.592678223014204
48.71823790136127
47.44944567877564
47.96485727497265
35.8588877485423
28.662298262036607
18.552561832474314
17.2059503535701
20.704433441979543
23.534122052172737
30.01906007872151
29.397633843481792
19.143537054371976
27.13636414900696
24.47697565046748
19.62511419130003
18.039405866895237
