51.81973000101503
34.76490689884624
33.259273461377965
46.78290683117733
51.22311570257254
49.40282179390303
52.00018045044943
54.16220239773535
50.43928406284187
52.37123168709892
51.07086063586227
49.68364780583532
48.63703519911579
49.52011458603539
49.62274577915121
48.37538204743591
46.570877553091904
44.97840233683332
41.33443107356739
36.93031229205906
37.95324077729031
42.89871090710186
52.96559035492348
46.61147890421465
53.4934079195191
47.881398942109236
44.30396878207225
2.162021947285912
4.25524716072496
2.0661576460238873
26.271329807030803
49.66447494558291
49.89567708392074
30.659659174213633
43.65321934879944
20.42924650659208
7.891323716828132
19.70180563230965
40.03969909887557
32.414539794963176
32.52844914116864
49.045304340961124
49.43552843786301
24.854793778970755
40.86977116627381
44.841936684448555
46.672380930898754
45.36073172657245
45.132913034161525
43.605851105822914
43.16261968939966
28.460419321731873
46.24945019003688
41.51826496892868
26.937868654629117
15.473626038999852
33.76227908917635
20.19240529170943
16.35444979530152
39.617896173322656
9.539061883226003
43.21562700892102
10.143570888831245
6.340577667001251
34.70964394870696
46.33741978413615
47.0738831808903
46.80095187612076
45.14306337194221
38.51827624708178
32.57694519945414
39.559249777256476
24.42622396156405
25.19539400227819
34.452502058262944
21.843526904034196
17.909707106364262
30.601012778147453
35.602873673407245
28.472825290130487
10.00484960582855
20.783380513607092
2.1676610238307377
22.468336585200806
44.90734997236853
43.92727846887794
44.654719343160366
25.41982924876222
23.23073973406115
18.38000609020267
10.417630008909741
20.334510020639023
1.152627245762234
1.761647512603336
1.4717989781993301
3.8052488524479235
8.385306822154803
10.49657708053729
16.23039011131537
13.055590016578886
