51.81973000101503
34.76490689884624
33.259273461377965
46.79756843019387
54.63024575095582
52.97010161615934
52.92498900380074
54.25355543776151
53.26220578118127
52.74115510843944
51.181386536140835
49.966729448385536
48.80846312607847
49.63289611693189
49.69154251299807
48.44643441190071
48.23891639505115
44.77990684245548
42.39344964868553
36.14309720640148
40.96563546753584
51.414844305096594
54.34716410840561
51.40243833669798
53.61182852696042
56.70768155006935
55.00355261822324
52.97235724677727
51.182514351449804
50.07725534866411
50.10883417731512
49.80770748982147
50.03327055161447
54.02122548411472
47.99079702707885
45.26035616407457
42.0720222856305
31.548377637678055
52.87423731489731
55.85505317649182
52.072360630223194
54.056187758692644
53.661452400554886
56.01407513505588
54.330246878771135
53.65581332401006
50.39191581986534
48.70357630234473
48.84004195472949
47.16298059029853
46.6193736113774
51.48476885425243
46.52689275604227
43.094950770861765
43.62164052014842
34.714155209942824
51.272739576167005
54.56483246303585
55.35768662523826
51.8174743703971
53.7381438415645
52.464840357743014
55.6847530648381
52.85393663933594
49.88101548490419
50.24191638377299
51.047176514374
50.589283498934215
48.551321235634454
46.747944556599414
49.43101717662716
41.5791669956128
38.06602230818681
31.682587659444888
50.27236739711505
49.509964248254704
52.015969864774945
50.89153800173683
53.4900244735922
54.079871880180896
52.24153292656795
51.72950477629783
49.55394904530434
47.749444550960334
48.856959184363966
47.56561065559904
48.11936797230086
49.366731704016146
37.59797895496633
24.99802632320931
28.385983511340186
32.472058375720394
38.05699978571509
39.709249213348826
42.41826158548277
42.91788376735426
37.517904068029814
36.26264562915177
26.014187916586778
22.424351788151174
