51.81973000101503
34.76490689884624
33.259273461377965
46.78290683117733
51.22311570257254
49.40282179390303
52.00018045044943
54.16220239773535
50.43928406284187
52.37123168709892
51.07086063586227
49.70620411201462
48.655080244059235
49.54943778406848
49.63853519347672
48.391171461761424
46.94869568159518
44.62426832981831
41.35811519505565
35.249867481701195
39.72842207360123
49.40282179390303
50.12575140694959
49.88552674614005
53.499046996063925
50.57011063868181
45.117123619836015
49.20207066890726
47.26673959872331
21.965330957402415
26.3389987255687
49.66673057620084
49.90921086762832
30.972064014796935
41.001725557422716
41.104356750538535
8.084180134661148
20.567967789594775
39.05060507291326
32.139352859575716
27.90102292848523
47.375009868383955
49.454701298115424
29.75740692704163
34.72317773241454
45.047199070680186
46.676892192134616
45.36073172657245
45.18479253837391
43.61036236705877
43.17502565779828
32.252134390472214
46.31711910857478
42.907733429573575
33.54122728861921
31.329581467738844
30.278457599783458
20.860071954616714
16.390539885188403
36.181442926906286
20.874733553633256
43.1614918740907
21.131875444077277
23.55329491242514
34.901372551231006
36.20174360246766
41.19119852932884
46.80433532204766
45.14531900256014
38.88707185311333
31.694993627843505
40.34646486291405
25.623963819684885
25.55178363991113
40.04421036011143
27.985609076657607
32.719049928383726
31.654392276720767
43.26299525189755
26.33110401840595
24.766824184871485
36.01565407648843
23.095401896985347
31.294619193160926
44.8757711437175
43.89795527084485
44.6569749737783
30.160036992342132
28.60703531189732
21.457814068368165
18.07887940270901
22.826981853451677
18.54692275592949
19.498798876695954
21.84239908872523
14.43152469351619
11.70221164582088
17.19016093924459
19.437896850011843
16.51685519979248
