51.81973000101503
34.76490689884624
33.259273461377965
46.78290683117733
51.22311570257254
49.40282179390303
52.00018045044943
54.16220239773535
50.43928406284187
52.40281051574994
51.099056018586396
49.72424915695805
48.66184713591302
49.56071593715813
49.64642990063947
48.39793835361521
47.01410896951515
45.192687245536675
41.98405269153124
38.54872726042383
39.93481227514182
51.38213766113662
54.17348055082499
51.25582234653253
53.50694170322669
50.73251604317277
49.22801042101346
52.494163555776105
42.49156958056549
2.074052353186642
26.35929940113007
49.672369652745665
49.915977759482104
30.935973924910055
44.41111123642392
41.88029368310646
27.45102462020819
20.664959906165766
40.72879425265318
32.44837425423213
46.9419287897414
50.01409769136206
49.73778294066564
47.09192822583374
53.64340735561145
50.181014357088884
46.689298160533234
45.37088206435314
46.01373679046319
46.74343329536355
43.268634328442374
36.2164052014842
46.40734433329198
42.9133725061184
33.83784271487701
33.02807132304014
40.6543584422615
25.023966075315506
17.450686275615503
47.84982011345822
49.876504223668334
46.9159890376352
38.51602061646385
48.492674839568274
45.70358758049782
46.352081383152694
47.096439487069595
46.80997439859249
45.15208589441393
41.725782985778245
40.341953601678185
41.32653636640464
26.0232104390585
25.60253532881455
34.92280104210135
29.922067962150518
43.864120811575894
47.17087529746129
51.16559712181533
39.298724440885564
45.86937643091568
45.57727226589374
45.903210890184624
44.83178634666787
48.745305468776436
44.15284153067094
44.80020751801685
33.547994180473005
30.117180010601462
18.439780301577812
10.487554558065572
20.381878263615548
1.2135292724463442
18.921357438505872
18.633764534719795
18.86722230367555
27.18147676136556
24.604418780380524
16.301442475780167
14.877011740557366
