51.81973000101503
34.76490689884624
33.259273461377965
46.78290683117733
51.22311570257254
49.40282179390303
52.00018045044943
54.16220239773535
50.43928406284187
52.37123168709892
51.07086063586227
49.68364780583532
48.63703519911579
49.51785895541746
49.615978887297416
48.37312641681798
46.50997552640779
44.96035729188988
41.26788997033846
36.77467377942188
33.09348461096011
40.97691362062549
40.1772925665693
35.01077063620062
53.48325758173842
47.8182412848072
42.50961462550893
2.1563828707410875
4.246224638253239
2.053751677625272
26.249901316160468
49.654324607802224
49.88552674614005
30.615674377163998
43.57652790778982
19.875489189890263
7.872150856575727
19.676993695512422
35.33445362987357
32.41115634903628
32.52844914116864
49.02725929601768
48.40132179954211
12.322510065751633
29.543122018338273
36.36076556103173
46.64982462471946
45.34832575817384
43.856226104413146
43.591189506806366
43.15472498223691
24.46118623614197
22.3589385002312
3.112770252743411
1.6894673328295757
15.467986962455027
33.75551219732257
20.213833782579766
13.768369291844767
20.856688508689817
9.381167739970902
42.541193454159945
2.423675098965793
6.277420009699211
32.95701895857535
35.978436171292586
26.251029131469434
46.80207969142973
45.147574633178074
38.376171518152184
31.694993627843505
34.89686128999515
12.814237540460374
25.399528573200854
22.697283092920703
26.21945030281841
19.933007770647478
3.355250544170887
30.552516719861956
20.522855177236178
9.95748136285202
17.92098525945391
8.372900853756189
29.760790372968522
44.89268837335198
43.910361239243464
43.25622836004376
6.268397487227492
10.818004443592317
17.6796327833354
11.040184059458422
16.753696414675133
17.161965556520464
18.399178950455074
10.673644084044795
3.3789346656591515
1.0939808496960537
3.5199115792797766
5.071785444415623
12.385667723053672
