51.81973000101503
34.76490689884624
33.259273461377965
46.78290683117733
51.22311570257254
49.40282179390303
52.00018045044943
54.16220239773535
50.43928406284187
52.37123168709892
51.07086063586227
49.68364780583532
48.63703519911579
49.51785895541746
49.615978887297416
48.36974297089109
43.12765741482175
35.920917590535375
35.75400092480855
3.524422840515637
30.569433949496432
19.866466667418546
3.5052499802632324
34.46716365727948
53.381754203931564
46.36335953624234
3.0879583159461808
2.1236762267811025
4.066902004127805
2.036834447990797
25.96005278175646
49.556204675922274
49.79868496734975
30.487103431941986
43.24495020695411
17.940158119706318
1.3319498798876697
2.571418904440209
1.5823248784779005
1.6601441347964856
2.092097398130082
2.8240495336483695
2.7913428896883845
1.3894684606448848
0.3507505610881162
1.2372133939346093
4.189833872804989
1.9951052815590917
3.784948176886553
2.5770579809850336
21.60104661260672
17.75406859372709
1.6150315224378855
2.1992398524817576
1.5135281446310351
14.590546652080254
18.680004962387358
20.182254953928744
12.617997676700462
20.84653817090913
9.02928936357382
22.735628813425514
1.5563851263717055
2.1857060687741776
4.523667204258631
2.172172285066597
21.123980736914522
46.498697373318144
45.132913034161525
37.679181657211814
22.748034781824128
2.4913440175036934
5.367273055364453
16.55971218153315
20.139397972188075
13.956714448441923
8.277036552494163
2.4078856846402834
30.240111879278647
19.686016217984143
9.933797241363754
17.546550576877532
8.107864256149414
14.736034826936741
40.48067488468089
2.024428479592182
7.988315833399122
0.7511249957706926
9.66199375190319
14.076262871192213
1.477438054744155
4.533817542039316
0.9372145217499182
1.3872128300269548
1.2676644072766645
0.9530039360754283
0.7511249957706926
0.875184679756843
4.443592317322116
4.594719568723426
