51.81973000101503
34.76490689884624
33.259273461377965
46.78290683117733
51.22311570257254
49.40282179390303
52.00018045044943
54.16220239773535
50.43928406284187
52.37123168709892
51.07086063586227
49.68364780583532
48.63703519911579
49.52011458603539
49.62274577915121
48.37538204743591
46.570877553091904
44.97840233683332
41.33443107356739
36.93031229205906
37.95324077729031
42.89871090710186
52.96559035492348
46.61147890421465
53.4934079195191
47.881398942109236
44.30396878207225
2.162021947285912
4.25524716072496
2.0661576460238873
26.271329807030803
49.66447494558291
49.89567708392074
30.659659174213633
43.65321934879944
20.42924650659208
7.891323716828132
19.70180563230965
40.03969909887557
32.414539794963176
32.52844914116864
49.045304340961124
49.43552843786301
24.854793778970755
40.86977116627381
44.841936684448555
46.672380930898754
45.36073172657245
45.132913034161525
43.605851105822914
43.16261968939966
28.460419321731873
46.24945019003688
41.522776230164546
26.589373724158932
15.475881669617783
33.76566253510325
20.21721722850666
14.035661520069473
20.85894413930775
9.504099608648088
42.5490881613227
2.4259307295837234
6.277420009699211
32.95814677388431
35.978436171292586
37.847226138247606
46.80659095266559
45.15095807910497
38.47654708065008
32.27581851196048
39.40586689523723
21.755557309934925
25.410806726290502
34.59911804842839
27.712677771888078
31.639730677704218
30.57394521073229
32.969424926973964
20.759696392118826
9.958609178160986
17.975120394284232
8.467637339709249
29.761918188277487
44.89268837335198
43.91712813109725
44.464118555945284
21.460069698986096
11.052590027857038
18.482637283318486
11.067251626873583
20.678493689873346
17.319859699775563
18.64391487250048
20.381878263615548
13.476265126822831
1.4650320863455402
11.385295544001714
12.050706576291066
13.690550035526183
