51.81973000101503
34.76490689884624
33.259273461377965
46.78290683117733
51.22311570257254
49.40282179390303
52.02048112601081
54.226487870346354
52.75017763091117
52.7073206491705
51.12386795538363
49.803196228585605
48.7656061443378
49.61259544137052
49.670114022127734
48.43064499757519
47.43591189506806
44.705471032063784
42.02352622734501
35.95362423449536
40.60022330743118
49.46259600527817
50.17650309585302
49.91484994417314
53.5351370859508
56.073849346431025
50.40996086480878
49.27312303337206
47.33215288664328
46.18742034804381
47.96372945966368
49.71184318855944
49.95432347998692
53.063710286803435
47.201326310803346
45.1081010973643
40.78744064871936
30.80965861030598
50.58364442238938
40.64420810448081
49.95094003406002
51.36522043150214
53.51032514915357
42.686681629016434
53.470851613339796
52.905816143548336
50.32199127070951
48.6077120010827
48.70583193296266
47.08403351867098
46.54719343160364
34.99385340656614
44.15848060721576
43.00134210021767
37.29008537561889
33.911150709959735
44.16186405314266
41.86901553001681
46.60696764297879
51.71484317728129
53.60731726572456
51.214093180100825
42.81299694362051
49.95432347998692
49.715226634486335
50.137029560039245
50.908455231371306
50.49229138236322
48.46899071808001
44.14607463881715
41.34458141134808
38.75286183134649
32.54536637080312
28.46380276765877
43.4806636065278
39.07428919440152
41.668264405021034
42.175781294055284
48.72951605445092
45.09569512896568
48.45545693437243
47.896060541125784
49.381393303032695
47.64568554253555
48.76335051371987
47.48328013804459
48.01222551794918
45.54456562193375
33.69122672471156
23.29615302198112
23.424723967203132
26.523960436238962
29.398761658790757
30.14311976270766
31.93070702741719
37.243844947951324
33.55701670294472
32.006270653117845
24.645020131503266
21.063078710230414
