51.81973000101503
34.76490689884624
33.259273461377965
46.78290683117733
51.22311570257254
49.40282179390303
52.00018045044943
54.16333021304431
52.47724632614164
52.698298126698774
51.112589802293975
49.76597832338976
48.684403442092325
49.59906165766294
49.657708053729124
48.42613373633934
47.35358137751362
45.245694565058024
42.06525539377671
38.62316307081552
40.65999751880632
51.44416750312969
54.19716467231326
51.269356130240105
53.517092041007366
51.551309957481365
50.4223668332074
52.84604193217318
48.55470468156135
26.554411449581018
46.7964406148849
49.68364780583532
49.92612809726279
38.79120755185131
45.553588144405474
45.070883192168445
29.120191277476398
20.882628260796015
44.36599862406532
33.126191254920094
47.355837008131545
50.903943970135444
49.75357235499115
47.7020763079838
53.64453517092041
50.20244284795922
46.69944849831392
45.381032402133826
46.0746388171473
46.75358363314424
43.82915853699798
42.45435167536964
46.43328408539817
42.91675595204529
38.66376442193826
33.12506343961113
42.471268905004116
47.27914556712193
52.68927560422705
51.582888786132386
49.91259431355522
48.13966864786223
43.17051439656242
52.51671986195541
45.827647264483964
46.37238205871406
48.686659072710256
48.98553012958598
45.16336404750358
43.37352115217612
43.92727846887794
41.349092672583936
26.446141179920374
26.139375415881894
41.726910801087215
30.905522911568
43.882165856519336
47.19455941894955
51.17800309021394
46.77162867808768
52.262961417438284
51.64153518219856
46.6836590839884
44.88141022026233
48.75771143717505
47.49681392175217
46.5776444449457
43.6385577497829
30.147631023943518
18.507449220115713
13.23491265070432
27.231100634960022
1.3026266818545795
27.38222788636133
39.31902511644693
22.796530840109625
27.193882729764173
25.150281389919588
16.309337182942922
15.087913203333821
