51.81973000101503
34.76490689884624
33.259273461377965
46.78290683117733
51.22311570257254
49.40282179390303
52.02048112601081
54.226487870346354
52.75017763091117
52.7073206491705
51.12386795538363
49.804324043894574
48.7656061443378
49.613723256679485
49.6712418374367
48.432900628193124
47.459596016556326
45.277273393709045
42.18367600121804
38.64910282292172
40.74345585166973
51.48025759301657
54.21972097849256
51.27725083740287
53.53288145533287
53.43250589283499
52.07010499960526
52.900177067003504
51.08552223487881
47.172003112770255
47.98290231991609
49.70958755794151
49.95319566467795
51.068605005244336
46.9126055917083
45.10922891267326
38.97616926252157
30.796124826598398
50.67725309303348
49.237032943485175
51.91221085635016
53.92761681347062
53.545287423731494
52.35431445746445
53.93212807470648
53.42122773974533
50.31973564009158
48.60320073984684
48.713726640125415
47.08177788805305
46.53704309382295
50.25093890624471
45.90997778203841
43.008108992071456
42.21525482986906
34.074683929759665
50.7866511780031
53.12348449817858
55.23926601779693
51.72386569975301
53.616339788196285
52.21559317446175
53.50694170322669
52.7682226758546
49.743422017210456
50.1483077131289
50.90168833951753
50.52048676508735
48.46673508746208
47.39079928270946
49.74003857128357
41.47089672595216
39.44985169228687
30.875071898225947
50.82612471381687
52.612584163217434
51.93363934722049
50.8441697587603
53.39303235702122
54.467840346464854
51.75882797433092
51.65732459652407
49.46372382058714
47.678392186495536
48.77124522088263
47.49455829113424
48.03252619351055
51.64830207405235
36.59647896060541
26.80140300224435
24.107052229126957
29.895000394735362
25.462686230502896
33.71491084619983
42.29871316273247
25.00253758444517
27.796136104751483
25.492009428535983
19.999548873876414
18.23113446941929
