51.81973000101503
34.76490689884624
33.259273461377965
46.78290683117733
51.22311570257254
49.40282179390303
52.00018045044943
54.16333021304431
52.47724632614164
52.698298126698774
51.112589802293975
49.76597832338976
48.684403442092325
49.59906165766294
49.657708053729124
48.42613373633934
47.35358137751362
45.245694565058024
42.06525539377671
38.62316307081552
40.65999751880632
51.44416750312969
54.19716467231326
51.269356130240105
53.517092041007366
51.551309957481365
50.4223668332074
52.84604193217318
48.55470468156135
26.554411449581018
46.80095187612076
49.69154251299807
49.934022804425545
38.71451611084169
45.552460329096505
45.072011007477414
29.186732380705337
22.56758433238973
43.94870695974827
33.563783594798515
39.52090405675167
50.48439667520047
49.77838429178838
41.54758816696178
51.20394284232014
50.63777955721971
46.7095988360946
47.246438923161946
48.669741843075776
47.054710320637895
46.517870233570555
40.37804369156507
43.0261540370149
42.12502960515186
34.47731399506017
33.956263322318335
48.6110954470096
46.848320119097295
52.44566749749061
51.70694847011853
53.59716692794388
51.69454250171992
47.91523340137819
50.149435528437856
49.70733192732359
50.11221762324202
50.88251547926511
50.491163567054265
48.45771256499036
46.28554027992376
46.734410772891835
39.0427103657505
33.80513607091702
30.211916496554526
48.290795899263536
33.518670982439914
45.5784000812027
50.7866511780031
53.3614535283702
46.99155266333585
48.404705245469
50.24304419908196
49.41409994699268
47.64342991191762
48.725004793215064
47.45846820124736
47.98854139646092
44.652463712542435
28.732222811192436
18.571734692726718
17.33677692941004
20.761952022736757
24.699155266333587
31.855143401716536
37.82354201675934
20.351427250273495
27.492753786639902
25.4367464783967
19.81345934789719
18.09579663234349
