51.81973000101503
34.76490689884624
33.259273461377965
46.78290683117733
51.22311570257254
49.40282179390303
52.00018045044943
54.16220239773535
50.43928406284187
52.37123168709892
51.07086063586227
49.68364780583532
48.640418645042686
49.53703181566987
49.63064048631396
48.38102112398074
46.83027507415385
45.06975537685948
41.35473174912877
37.0126428096135
39.66864786222608
49.865226070578686
54.14190172217398
50.791162439238946
53.49453573482806
48.726132608524026
46.56749410716501
26.035616407457113
4.256374976033925
2.067285461332852
26.283735775429417
49.66447494558291
49.8968048992297
30.69800489471844
43.869759888120726
21.37773918143165
8.013127770196354
19.779624888628238
40.18969853496792
32.415667610272145
35.466408021022474
49.057710309359734
49.455829113424386
33.401378190307554
47.93553407693956
48.259217070612515
46.68027563806152
45.36073172657245
45.13967992601531
43.60810673644084
43.167130950635524
30.05289453799046
46.314863477956855
42.87953804684945
31.337476174901596
31.343115251446424
33.77581287288394
20.202555629490114
16.35896105653738
39.62240743455852
9.969887331250634
44.1539693459799
12.224390133871676
6.341705482310217
35.834075811745066
46.339675414754076
47.07726662681719
46.80207969142973
45.14306337194221
40.85962082849313
38.40211127025838
41.31413039800602
25.556294901146988
25.215694677839558
34.6825763812918
21.8852560704659
24.674343329536356
47.01636460013308
51.14980770748983
38.12917996548885
26.29501392851907
20.786763959533985
3.725173965511408
30.423945774639943
46.36448735155131
43.92727846887794
44.769756504674795
25.882233525437876
23.236378810605977
18.418351810707478
10.427780346690426
20.360449772745216
1.153755061071199
1.9387145161108417
5.4744155097161284
18.387900797365422
24.225472836568287
13.00258269705753
16.259713309348463
14.728140119773986
