51.81973000101503
34.76490689884624
33.259273461377965
46.78290683117733
51.22311570257254
49.40282179390303
52.00018045044943
54.16220239773535
50.43928406284187
52.37123168709892
51.07086063586227
49.68364780583532
48.63703519911579
49.51785895541746
49.615978887297416
48.36974297089109
43.12765741482175
35.920917590535375
35.75400092480855
3.524422840515637
30.569433949496432
19.866466667418546
3.5052499802632324
34.480697440987065
53.411077401964654
47.33553633257018
27.56944522764952
2.129315303325927
4.075924526599524
2.037962263299762
26.004037578806095
49.568610644320884
49.806579674512506
30.504020661576458
43.33517543167131
18.299931203266155
1.3319498798876697
2.6830726200277444
1.5845805090958305
1.727813053334386
2.1033755512197323
2.843222393900775
2.7981097815421747
1.5755579866241105
1.1018755568588088
4.25524716072496
4.21464580960222
2.017661587738392
7.498843989308311
36.837831436723924
43.14570245976519
22.797658655418587
1.7898428953274612
2.665027575084304
1.693978594065436
15.46122007060124
33.64385848173503
20.184510584546675
13.688294404908252
20.847665986218097
9.098086097420687
22.900289848534406
1.5563851263717055
2.1879616993921074
4.616148059593761
2.1823226228472823
21.123980736914522
46.499825188627106
45.132913034161525
37.713016116480766
23.380739170153493
2.500366539975414
9.915752196420314
16.86535013026267
20.29616430013421
26.014187916586778
19.53376115127387
2.904124420584885
30.259284739531054
19.70180563230965
9.95297010161616
18.32135969413649
8.155232499125944
14.821748790418082
44.839681053830624
28.534855132123564
8.010872139578423
0.9225529227333731
9.665377197830082
14.202578185796295
2.1755557309934925
4.781936910011616
0.9428535982947431
3.0417178882786158
1.9048800568418918
0.9620264585471484
0.7646587794782727
0.8875906481554581
4.444720132631081
4.610508983048936
