76.90572591832363
70.99484588403803
62.21931496498133
70.88093653783257
75.86024112691305
73.48280645561482
73.15235657008809
73.91588753425738
73.59220454058443
71.6850688531246
70.27529971691835
69.84109082296683
68.31290107931926
69.04485321483754
69.57943767128695
68.60726087495912
71.53281378641434
67.11177777527152
67.01253002808261
62.347885910203345
62.00164661035109
75.62001646610351
74.52265217048057
72.74747087416965
73.13205589452672
77.67264032841982
75.10122142397961
72.27040499847745
70.50537403994723
70.32830703643971
69.68658012563863
69.6392118826621
69.53432505892835
80.07714256713321
69.67642978785794
67.30801763903143
67.91252664463667
57.281739542332545
73.51776873019274
78.2083526001782
72.99559024214194
74.16175127161176
72.93807166138473
79.43767128695005
72.95047762978335
72.57040387066213
70.64183969233198
69.46891177100838
69.48470118533389
66.7260649396055
66.8095232724689
79.43541565633213
67.47944556599411
65.5948661847136
68.01403002244354
58.40504359006169
70.80424509682295
78.44519381506085
76.43881038041211
72.45085544791185
73.187318844666
72.45987797038357
77.18880756087383
71.69409137559633
69.69560264811034
70.82003451114845
71.75160995635355
70.60687741775406
68.87906436441969
73.28205533061906
76.49858459178725
65.85200807515761
66.33809647332153
57.95955654302052
71.73018146548321
76.0846763733971
72.37641963752016
71.18657448656208
72.86701929691993
79.00571802361645
71.6918357449784
70.5222912695817
69.21740895710919
68.78320006315765
69.27605535317537
68.3884647050199
68.93207168394105
80.88240269773422
66.58621584129382
55.56182119616092
58.17609708234179
59.317446175014375
69.35387460949394
63.45765617422491
65.06704862011797
77.7696324449908
64.31028454780245
65.10313871000484
54.14190172217398
52.755816707455985
