51.81973000101503
34.76490689884624
33.259273461377965
46.78290683117733
51.22311570257254
49.40282179390303
52.00018045044943
54.16220239773535
50.43928406284187
52.37123168709892
51.07086063586227
49.68364780583532
48.63703519911579
49.51785895541746
49.615978887297416
48.36974297089109
43.12765741482175
43.57878353840775
39.2073714008594
32.8036360765561
30.669809511994316
35.14723628858538
6.076668884703441
34.94874079420754
53.44942312246946
47.778767748993424
40.85059830602141
2.1552550554321224
4.125548400193984
2.043601339844587
26.211555595655657
49.64981334656637
49.88327111552212
30.572817395423325
43.46600200751125
19.19880000451126
1.3860850147179897
9.983421114958215
34.61603527806286
30.96980838417901
32.514915357461064
49.003575174529416
25.92170706125165
11.46085916970237
3.4341976157984373
26.166442983297056
4.232690854545659
19.612708222901418
35.80249698309405
43.5934451374243
43.151341536310014
24.383366979823386
21.16683771865519
3.1060033608896207
1.6894673328295757
15.465731331837098
33.64498629704399
20.189021845782534
16.318359705414643
39.61451272739576
9.252596794748893
43.20322104052241
9.336055127612303
6.334938590456426
33.928067939594214
33.374310622892395
21.22435629941241
46.7964406148849
45.13855211070635
38.42579539174665
31.974691824466827
39.108123653670475
12.81536535576934
25.18073240326164
21.629241995330844
20.247668241848714
6.196217307453732
3.551490407930797
30.273946338547596
19.787519595790993
9.940564133217544
20.766463283972616
2.1529994248141926
22.02736079939549
44.89381618866094
43.90472216269863
43.49758083616227
13.903707128920567
10.842816380389547
17.615347310724395
10.353344536298737
19.639775790316577
1.0454847914105585
1.5405957120461953
1.3127770196352644
3.2808147337791964
0.6259374964755772
8.775530919056695
6.860500524434118
11.098830455524604
