51.81973000101503
34.76490689884624
33.259273461377965
46.78290683117733
51.22311570257254
49.40282179390303
52.00018045044943
54.16220239773535
50.43928406284187
52.37123168709892
51.07086063586227
49.70620411201462
48.655080244059235
49.54943778406848
49.63853519347672
48.392299277070386
46.95433475814001
45.12952958823463
41.39420528494254
37.57316701816911
39.78481283904948
50.936650614095434
54.15994676711742
51.226499148499435
53.500174811372894
49.712971003868404
47.66260277217003
51.01785331634091
11.822887883880135
2.0684132766418175
26.34576561742249
49.6678583915098
49.91033868293728
30.814169871541836
44.03329310792065
22.105180055714076
8.089819211205974
20.62999763158785
40.42428411923263
32.42017887150801
35.714527388994775
49.118612336043846
49.72763260288495
43.87314333404761
53.63325701783076
50.054699042484806
46.68253126867944
45.36073172657245
46.00245863737354
43.89908308615381
43.169386581253455
33.71716647681776
45.916744673892204
42.905477798955644
33.8637824669832
32.99874812500705
35.706632681832026
24.4634418667599
17.47211476648584
48.229893872579424
13.995060168946733
45.96975199341356
6.757869331318303
24.012315743173897
33.19273235814903
36.981063980962475
44.929906278547826
50.43364498629705
48.45094567313657
39.89082747809219
32.43935173176041
38.641208115758964
24.857049409588686
25.62283600437592
40.32165292611682
30.437479558347526
37.666775688813196
33.112657471212515
43.561866308773276
33.924684493667314
39.2039879549325
38.66038097601137
36.0878342562622
37.06339449851692
48.70583193296266
47.44606223284875
47.937789707557485
28.196510539434062
28.516810087180122
18.520983003823293
17.164221187138395
20.692027473580925
23.513821376611364
29.98522561945256
29.37282190668456
19.00481577136928
27.019071356874598
24.358555043026154
16.132270179435416
13.348821996909784
