51.81973000101503
35.42242322397284
35.92430103646227
50.14266863658408
56.07948842297586
53.08965003890963
53.60506163510663
54.40242705854489
54.27836737455875
52.932883710963495
51.262589238386326
50.19905940203232
48.916733395739115
49.78176773771527
49.803196228585605
48.53327619069101
49.237032943485175
45.48591922586757
42.89307183055703
38.97616926252157
41.27465686219225
53.06934936334826
54.32911906346217
51.490407930797254
53.75280544058106
57.66858019330754
56.219337521287514
53.13363483595926
51.315596557907675
50.224999154138516
50.32086345540054
49.991541385182764
50.11898451509581
55.58888876357607
48.3595926331104
45.290807177416625
42.44984041413378
31.631835970541466
53.18889778609854
56.97159033236717
52.12536794974455
54.17799181206085
53.87235386333135
57.426099901880065
54.52648674253104
54.027992375968516
50.64229081845557
48.854703553746035
49.014853327619065
47.35470919282258
46.82914725884489
53.27686738019782
46.6678696696629
43.13104086074864
43.752467095988365
34.96678583915098
51.814090924470214
55.83024123969459
55.44903966526442
51.96070691463566
53.98851884015473
53.2001759391882
57.28286735764151
53.061454656185504
50.010714245435175
50.43364498629705
51.36522043150214
50.78552336269413
48.70583193296266
49.06786064714043
51.88175984300811
41.713377017379635
41.3536039338198
32.43484047052455
51.55582121871723
55.44565621933752
52.25506671027552
51.06183811339056
53.81821872850102
57.61782850440412
52.60130601012778
51.84228630719433
49.65094116187533
47.9953082883147
49.0362818184894
47.72914387539897
48.35508137187454
55.17272491456799
42.93141755106184
29.879210980409848
34.002503749985905
34.12317998804516
45.512986793282735
41.3987165461784
42.585178251209584
53.5159642256984
40.6994710546201
39.762256532870175
30.817553317468732
27.754406938319782
