51.81973000101503
34.76490689884624
33.259273461377965
46.78290683117733
51.22311570257254
49.40282179390303
52.00018045044943
54.16220239773535
50.43928406284187
52.37123168709892
51.07086063586227
49.68364780583532
48.63703519911579
49.51785895541746
49.615978887297416
48.36974297089109
43.12765741482175
35.920917590535375
35.75400092480855
3.524422840515637
30.569433949496432
19.866466667418546
3.5052499802632324
34.480697440987065
53.411077401964654
47.33553633257018
27.56944522764952
2.129315303325927
4.075924526599524
2.037962263299762
26.004037578806095
49.568610644320884
49.806579674512506
30.504020661576458
43.33517543167131
18.299931203266155
1.3319498798876697
2.6830726200277444
1.5845805090958305
1.727813053334386
2.1033755512197323
2.843222393900775
2.7981097815421747
1.5755579866241105
1.1018755568588088
4.25524716072496
4.21464580960222
2.017661587738392
7.498843989308311
36.837831436723924
43.14570245976519
22.801042101345484
1.788715080018496
2.665027575084304
1.693978594065436
15.46122007060124
33.64385848173503
20.18338276923771
16.314976259487747
39.61451272739576
9.138687448543427
23.283747053582506
1.5778136172420405
2.1879616993921074
4.631937473919271
2.2082623749534775
21.205183439160002
46.793057168958015
45.134040849470495
38.396472193713564
31.698377073770402
37.86752681380897
9.931541610745825
16.63076454599795
20.143909233423933
20.245412611230783
6.095841744955846
3.1060033608896207
30.261540370148985
19.679249326130353
9.936052871981685
20.755185130882968
2.1372100104886824
12.8424329231845
44.86449299062785
42.413750324246905
8.278164367803129
0.9112747696437231
8.415757835496859
17.44955846030654
10.122142397960909
19.078123766452006
1.0093947015236784
1.4650320863455402
1.3037544971635446
3.2661531347626513
0.589847406588697
0.5312010105225169
3.8582561719692787
3.7646475013251828
