51.81973000101503
34.76490689884624
33.259273461377965
46.78290683117733
51.22311570257254
49.40282179390303
52.00018045044943
54.16220239773535
50.43928406284187
52.37123168709892
51.07086063586227
49.68364780583532
48.63703519911579
49.51785895541746
49.615978887297416
48.36974297089109
43.12765741482175
35.920917590535375
35.75400092480855
3.524422840515637
30.569433949496432
19.866466667418546
3.5052499802632324
34.46716365727948
53.381754203931564
46.36335953624234
3.0879583159461808
2.1236762267811025
4.066902004127805
2.036834447990797
25.96005278175646
49.555076860613305
49.79868496734975
30.489359062559917
40.65999751880632
31.004770658756918
1.3330776951966348
2.5477347829519434
1.6060089999661655
1.6601441347964856
2.093225213439047
2.8240495336483695
2.7890872590704543
1.3883406453359197
0.3507505610881162
1.2372133939346093
4.189833872804989
1.9951052815590917
3.7838203615775883
2.5770579809850336
21.60104661260672
18.735267912526645
1.6251818602185706
2.268036586328623
1.5214228517937902
14.225134491975593
28.734478441810367
18.98451509580791
16.308209367633957
28.95327461174958
16.83602693222958
23.46306968770794
1.5225506671027553
1.9702933447618618
4.736824297653016
2.2003676677907227
21.129619813459346
46.75922270968906
45.136296480088426
37.636324675471144
20.786763959533985
2.486832756267834
5.271408754102428
16.33189348912222
20.13375889564325
1.4402201495483098
8.261247138168654
1.9330754395660166
28.576584298555268
19.698422186382757
9.936052871981685
27.832226194638366
10.489810188683501
12.92814688666584
21.775857985496295
2.028939740828042
8.009744324269457
3.0146503208634554
8.408990943643069
12.90784621110447
1.9702933447618618
4.5462235104379305
0.9315754452050932
1.4142803974421148
1.2699200378945943
0.9530039360754283
0.7612753335513777
0.875184679756843
4.44246450201315
4.599230829959286
