51.81973000101503
34.76490689884624
33.259273461377965
46.79756843019387
54.626862305028936
52.97686850801313
52.92724463441867
54.25468325307048
53.2610779658723
52.74115510843944
51.182514351449804
49.9712407096214
48.80846312607847
49.63627956285879
49.693798143616
48.448690042518635
48.28741245333664
45.39005492460554
42.646080277893695
38.82616982642922
41.001725557422716
52.45130657403544
54.28175082048564
51.39454362953523
53.616339788196285
57.041514881523
55.1693414686411
52.981379769248996
51.23326604035323
50.07612753335514
50.15394678967372
49.85282010218007
50.03665399754136
54.343780662478714
48.013353333258145
45.22426607418769
42.147585911331156
31.469430566050505
52.80544058105045
56.24189382746682
52.03288709440942
54.020097668805754
53.621978864741116
56.00956387382002
54.24453291528979
53.56333246867493
50.4415396934598
48.756583621866085
48.873876413998445
47.152830252517845
46.618245796068436
51.99341355859565
46.528020571351234
43.065627572828674
43.570888831245
34.701749241544206
51.32687471099733
54.56821590896275
55.32159653535137
51.80732403261642
53.716715350694166
52.540403983443674
55.2336269412521
52.830252517847676
49.818985642911116
50.23063823068335
51.021236762267804
50.62762921943903
48.58741132552134
48.0889169589588
51.157702414652576
41.58480607215762
40.48405833060778
32.17769858008053
51.097928203277434
54.100172555742276
52.11296198134594
50.90168833951753
53.48776884297427
55.71745970879809
52.43100589847407
51.72161006913508
49.53703181566987
47.8182412848072
48.918989026357046
47.62538486697419
48.218615719489776
53.907316137909255
41.85435393100026
29.44274645584039
33.29310792064691
33.96528584479005
44.61524580734659
41.186687268092975
42.4780357968579
50.66597493994384
39.78594065435844
37.06339449851692
27.834481825256297
23.562317434896862
