81.15533400250375
79.15346182909087
73.21776985800805
83.48427261551649
86.41884804944343
85.65418926996516
83.07938691959804
76.86625238250984
73.65197875195958
71.58018202939087
70.22454802801494
69.72492584614344
68.19448047187792
68.94786109826654
69.4711674016263
68.52380254209571
71.42003225551784
67.00237969030192
66.83997428581095
62.38397600009022
61.80879019251807
75.40911500332706
74.40084811711233
72.574915131898
73.11852211081913
77.6410614997688
75.01550746049827
72.20273607993954
70.4219157070838
70.23695399641355
69.64146751328002
69.57830985597798
69.48018992409803
80.00157894143256
69.63695625204417
67.26967191852663
67.84260209548084
57.2479050830636
73.53468595982721
78.2083526001782
73.0001015033778
74.16175127161176
72.93807166138473
79.43767128695005
72.9549888910192
72.57153168597111
70.64183969233198
69.46891177100838
69.49485152311458
66.72719275491446
66.81177890308683
79.44331036349487
67.48282901192101
65.60050526125842
68.05124792763937
58.42985552685892
70.8087563580588
78.45083289160567
76.43881038041211
72.45085544791185
73.18619102935703
72.47679520001805
77.19670226803659
71.69973045214115
69.70462517058206
70.82341795707535
71.76514374006113
70.61364430960786
68.8880868868914
73.28318314592802
76.50309585302311
65.85088025984864
66.3617805948098
57.96745125018327
71.7403318032639
76.08580418870605
72.38995342122774
71.20913079274138
72.8715305581558
79.00910146954335
71.69973045214115
70.52454690019962
69.21740895710919
68.79222258562937
69.27831098379329
68.40763756527231
68.93432731455896
80.89255303551491
66.59298273314762
55.60806162382848
58.347525009304476
59.52721982248187
69.4745508475532
63.62344502464276
65.24637125424341
77.87790271465144
64.51103567279823
65.30614546561854
54.33250250938906
52.932883710963495
