51.81973000101503
34.76490689884624
33.259273461377965
46.78290683117733
51.22311570257254
49.40282179390303
52.00018045044943
54.16220239773535
50.43928406284187
52.37123168709892
51.07086063586227
49.68364780583532
48.640418645042686
49.53703181566987
49.63064048631396
48.38102112398074
46.83027507415385
45.06975537685948
41.35473174912877
37.0126428096135
39.66864786222608
49.865226070578686
54.14190172217398
50.791162439238946
53.49453573482806
48.726132608524026
46.56749410716501
26.035616407457113
4.256374976033925
2.067285461332852
26.283735775429417
49.66447494558291
49.8968048992297
30.69800489471844
43.869759888120726
21.37773918143165
8.013127770196354
19.779624888628238
40.18969853496792
32.415667610272145
35.466408021022474
49.057710309359734
49.455829113424386
33.39686692907169
44.9502069541092
48.13290175600844
46.678020007443585
45.36073172657245
45.14193555663324
43.60810673644084
43.167130950635524
29.87582753448295
46.314863477956855
42.877282416231516
31.180709846955462
31.361160296389862
33.78145194942876
20.22849538159631
16.363472317773244
27.94839117146176
9.927030349509964
42.55811068379442
2.4383366979823387
6.278547825008177
32.96378585042913
35.979563986601555
41.19458197525574
46.807718767974556
45.15095807910497
40.57653918594291
37.85399303010139
41.31976947455085
25.561933977691815
25.42885177123394
34.82355329491242
27.75215130770185
32.151758827974334
31.649881015484905
46.12539050605073
33.9833308897335
10.04093969571543
25.552911455220094
8.793575964000135
30.57394521073229
45.56712192811305
43.92953409949587
44.72802733824309
24.642764500885335
22.97810910485299
18.50406577418882
11.089807933052883
20.70217781136161
17.357077604971412
18.65970428682599
20.38638952485141
13.874383930887477
10.771764015924752
11.946947567866287
16.369111394318068
14.47212604463893
