51.81973000101503
34.76490689884624
33.259273461377965
46.78290683117733
51.22311570257254
49.40282179390303
52.00018045044943
54.16220239773535
50.43928406284187
52.37123168709892
51.07086063586227
49.68364780583532
48.63703519911579
49.51785895541746
49.615978887297416
48.36974297089109
43.12765741482175
35.920917590535375
35.75400092480855
3.5638963763294127
30.64838102112398
34.744606223284876
3.567279822256307
34.9306957492641
53.44716749185153
47.767489595903776
40.344209232296116
2.1507437941962624
4.102992094014684
2.0424735245356223
26.19689399663911
49.63740737816775
49.88327111552212
30.580712102586084
43.445701331949884
19.212333788218842
1.3511227401400747
2.80826011932286
2.8443502092097397
25.592384991033867
12.448825380355713
44.71900481577137
3.2131458152412957
9.715001071424544
3.4341976157984373
23.54652802057135
4.232690854545659
2.030067556137007
21.345032537471663
43.37916022872094
43.151341536310014
24.338254367464785
20.05706745463363
2.7789369212897697
1.698489855301296
15.462347885910201
33.64724192766192
20.202555629490114
13.384912086796666
20.848793801527062
9.447708843199838
24.38223916451442
2.394351900932703
6.2413299198123315
32.8261923827354
3.2751756572343713
21.161198642110367
46.77501212401457
45.14193555663324
37.97692489877858
30.559283611715742
11.08416885650806
12.801831572061758
25.38373915887534
21.35969413648821
26.015315731895743
19.54165585843662
3.028184104571036
30.26943507731174
20.077368130195
9.95297010161616
17.922113074762876
8.40673531302514
15.85369979812106
44.84532013037545
6.843583294799643
17.513843932917545
4.531561911421385
10.480787666211782
17.217228506659747
8.834177315122876
5.189078236547983
17.092041007364635
18.38000609020267
9.965376070014774
3.3360776839184814
1.0646576516629636
2.341344581411348
4.902613148070872
11.44958101661272
