51.81973000101503
34.76490689884624
33.259273461377965
46.78290683117733
51.22311570257254
49.40282179390303
52.00018045044943
54.16220239773535
50.43928406284187
52.37123168709892
51.07086063586227
49.70620411201462
48.655080244059235
49.54943778406848
49.63853519347672
48.392299277070386
46.95433475814001
45.12952958823463
41.39420528494254
37.57316701816911
39.78481283904948
50.936650614095434
54.15994676711742
51.226499148499435
53.500174811372894
49.712971003868404
47.66260277217003
51.01785331634091
11.822887883880135
2.0684132766418175
26.34576561742249
49.6678583915098
49.91033868293728
30.814169871541836
44.03329310792065
22.105180055714076
8.089819211205974
20.62999763158785
40.42428411923263
32.417923240890076
35.720166465539606
49.1298904891335
49.72763260288495
44.809230040488565
53.63325701783076
50.09078913237168
46.68253126867944
45.362987357190384
46.0069698986094
44.77652339652858
43.17051439656242
34.03521039394589
46.39155491896647
42.90886124488254
33.6416028511171
32.88371096349262
33.96303021417213
22.039766767794106
16.387156439261506
47.62876831290108
24.976597832338975
44.432539727294255
12.751079883158333
19.54955056559938
42.75660617817226
46.343058860680976
47.08516133397995
46.8032075067387
45.14531900256014
41.23969458761433
39.19045417122492
41.31525821331499
25.87321100296616
25.392761681347064
34.89347784406826
22.870966650501316
37.5573776038436
47.16636403622543
51.16108586057947
39.223160815184904
45.30998003766903
44.592689501167285
33.32355893398897
30.541238566772304
47.44831786346668
43.9284062841869
44.770884319983764
26.110052217848807
27.040499847744933
18.42060744132541
10.44920883756076
20.37285574114383
1.154882876380164
2.080819245040432
9.227784857951663
18.39805113514611
27.032605140582177
24.140886688395906
16.286780876763622
14.845432911906345
