51.81973000101503
34.76490689884624
33.259273461377965
46.78290683117733
51.22311570257254
49.40282179390303
52.00018045044943
54.16220239773535
50.43928406284187
52.37123168709892
51.07086063586227
49.68364780583532
48.63703519911579
49.51785895541746
49.615978887297416
48.36974297089109
43.12765741482175
43.57878353840775
39.2073714008594
32.8036360765561
30.669809511994316
35.14723628858538
6.076668884703441
34.94874079420754
53.44942312246946
47.778767748993424
40.85059830602141
2.1552550554321224
4.125548400193984
2.043601339844587
26.211555595655657
49.64981334656637
49.88327111552212
30.572817395423325
43.46600200751125
19.19880000451126
1.3860850147179897
9.983421114958215
34.61603527806286
30.96980838417901
32.514915357461064
49.003575174529416
25.92170706125165
11.46085916970237
3.4341976157984373
26.166442983297056
4.232690854545659
19.612708222901418
35.80249698309405
43.5934451374243
43.151341536310014
24.383366979823386
21.1375145206221
3.112770252743411
1.6894673328295757
15.465731331837098
33.64836974297089
20.213833782579766
13.56649035154003
20.854432878071886
9.217634520170977
42.53668219292408
2.4078856846402834
6.270653117845422
32.853259950150566
24.296525201033077
21.196160916688285
46.79756843019387
45.14531900256014
38.266773433182586
31.365671557625724
26.172082059841877
12.81085409453348
25.396145127273957
21.757812940552856
26.115691294393628
19.812331532588225
3.352994913552956
30.26943507731174
20.18789403047357
9.956353547543054
17.916473998218052
8.237563016680388
29.714549945300956
44.87013206717268
43.89908308615381
36.76790688756809
4.539456618584141
10.663493746264113
17.565723437129936
10.803342844575772
11.940180676012496
17.069484701185335
18.32361532475442
10.260863680963606
3.3405889451543413
1.0770636200615789
1.148115984526374
4.843966752004691
11.843188559441506
