51.81973000101503
34.76490689884624
33.259273461377965
46.78290683117733
51.22311570257254
49.40282179390303
52.00018045044943
54.16220239773535
50.43928406284187
52.37123168709892
51.07086063586227
49.68364780583532
48.63703519911579
49.51785895541746
49.615978887297416
48.36974297089109
43.12765741482175
35.920917590535375
35.75400092480855
3.524422840515637
30.569433949496432
19.866466667418546
3.5052499802632324
34.480697440987065
53.411077401964654
47.33779196318811
30.117180010601462
2.129315303325927
4.079307972526419
2.0390900786087274
26.004037578806095
49.56748282901192
49.806579674512506
30.505148476885424
40.666764410660114
31.654392276720767
1.3330776951966348
2.637960007669144
1.6082646305840955
1.727813053334386
2.1033755512197323
2.8477336551366346
2.7958541509242445
1.5642798335344605
1.1018755568588088
4.2518637147980645
4.21464580960222
2.017661587738392
7.497716173999345
37.129935601745856
43.14457464445623
23.879233536716026
21.654053932128075
2.7112680027518694
1.6240540449096057
14.315359716692793
28.743500964282088
18.986770726425842
6.896590614320999
17.373994834605885
16.90820711200334
23.604046601328566
1.5248062977206853
1.9725489753797918
4.829305152988147
2.2082623749534775
21.1375145206221
46.50997552640779
45.13967992601531
36.108134931823564
0.30451013342055105
2.4699155266333586
9.18267224559306
25.214566862530592
23.05028928462675
24.996898507900347
16.895801143604725
2.9097634971297097
30.25251784767726
19.706316893545512
9.955225732234089
12.751079883158333
10.753718970981312
12.933785963210664
44.844192315066486
26.20817214972876
8.033428445757723
8.299592858673464
2.4687877113243935
1.7842038187826363
3.107131176198586
4.6387043657730604
0.9338310758230233
1.4221751046048698
11.133792730102519
1.0082668862147135
0.7669144100962026
0.899996616554073
4.551862586982756
4.894718440908117
