51.81973000101503
35.42242322397284
35.92430103646227
50.14154082127511
56.07272153112206
53.078371885819976
53.6028060044887
54.401299243235925
54.243405099980826
52.9261168191097
51.260333607768395
50.253194536862644
48.943800963154274
49.79191807549596
49.82688035007387
48.55696031217928
49.176130916801064
44.93328972447472
42.65171935443852
36.32467547114484
41.27465686219225
51.93702279314739
54.41257739632558
51.666347118995795
53.85205318776997
57.57271589204552
55.744527276213255
53.31972436193849
51.46446817869106
50.282517734895734
50.265600505261254
50.01409769136206
50.20469847857715
54.739643835925435
48.19605941331048
45.39118273991451
42.27051778000834
31.72318901056763
53.36822042022399
56.81482400442104
52.25168326434863
54.28626208172149
53.96145127273958
56.68738087450799
54.738516020616466
54.066338096473324
50.67161401648866
48.82989161694881
48.94154533253634
47.33215288664328
46.84042541193455
52.29679587670722
46.78290683117733
43.26412306720652
43.76036180315111
34.95099642482547
52.01145860353908
55.61031725444641
55.595655655429866
51.970857252416344
53.8734816786403
52.67461400521051
56.468584704568784
53.062582471494466
50.04116525877722
50.39755489641017
51.227626963808405
50.78777899331206
48.755455806557116
48.30094623704422
51.85018101435709
41.828414178894064
41.550971612888674
32.413411979654214
51.710331916045426
55.49753572354991
52.47273506490578
51.1633414911974
53.741527287491394
56.53738143841564
52.585516595802275
51.88965455017086
49.701692850778755
47.92989500039474
49.03740963379837
47.77425648775757
48.3595926331104
54.17911962736982
42.88179367746738
30.03033823181116
34.53032131458153
34.29799136093473
46.255089266581706
41.61751271611761
42.79495189867708
49.613723256679485
40.92052285517724
37.62391870707253
27.457791512061984
25.221333754384386
