30,85.20290964777948,14.797090352220522
60,81.42228177641654,18.57771822358346
100,75.7178407350689,24.28215926493109
200,55.55130168453293,44.44869831546707
300,48.717457886676875,51.282542113323125
350,46.01837672281776,53.98162327718224
355,44.716692189892804,55.283307810107196
360,44.62098009188362,55.37901990811639
370,44.429555895865235,55.570444104134765
400,43.874425727411946,56.125574272588054
500,41.979326186830015,58.020673813169985
750,37.23200612557427,62.767993874425734
1000,32.503828483920365,67.49617151607963
1250,33.403522205206734,66.59647779479326
1500,35.56661562021439,64.43338437978561
1750,33.17381316998468,66.82618683001532
2000,29.51761102603369,70.48238897396631
2500,29.51761102603369,70.48238897396631
2700,29.51761102603369,70.48238897396631
