30,91.12748851454823,8.872511485451762
60,89.99808575803982,10.001914241960183
100,90.1990811638591,9.80091883614089
200,84.27450229709035,15.725497702909646
300,80.541730474732,19.458269525267994
350,80.06316998468607,19.936830015313937
355,61.22702909647779,38.7729709035222
360,60.289050535987755,39.71094946401225
370,58.403522205206734,41.596477794793266
400,58.10681470137825,41.893185298621745
500,56.18300153139357,43.816998468606435
750,50.890122511485444,49.10987748851455
1000,44.58269525267994,55.41730474732006
1250,38.466692189892804,61.533307810107196
1500,38.466692189892804,61.533307810107196
1750,38.466692189892804,61.533307810107196
2000,38.466692189892804,61.533307810107196
2500,29.508039816232774,70.49196018376723
2700,29.508039816232774,70.49196018376723
