30,83.16424196018377,16.83575803981623
60,77.4885145482389,22.5114854517611
100,81.16385911179172,18.83614088820827
200,69.34341500765697,30.656584992343035
300,65.6010719754977,34.3989280245023
350,64.64395099540582,35.35604900459418
355,53.8093415007657,46.1906584992343
360,53.71362940275651,46.28637059724349
370,53.52220520673813,46.477794793261864
400,52.96707503828484,47.03292496171516
500,50.88055130168453,49.119448698315466
750,44.59226646248086,55.40773353751914
1000,37.1937212863706,62.8062787136294
1250,35.068912710566615,64.93108728943339
1500,35.068912710566615,64.93108728943339
1750,35.068912710566615,64.93108728943339
2000,35.068912710566615,64.93108728943339
2500,29.508039816232774,70.49196018376723
2700,29.508039816232774,70.49196018376723
