30,85.65275650842267,14.347243491577336
60,81.18300153139357,18.81699846860643
100,84.552067381317,15.447932618683001
200,74.89471669218989,25.105283307810105
300,71.07580398162328,28.924196018376726
350,70.17611026033691,29.823889739663095
355,59.38935681470138,40.61064318529862
360,59.341500765696786,40.658499234303214
370,57.46554364471669,42.534456355283304
400,51.81852986217458,48.18147013782542
500,47.29134762633997,52.70865237366002
750,43.57771822358346,56.42228177641654
1000,40.89777947932618,59.10222052067381
1250,37.74885145482389,62.25114854517611
1500,37.74885145482389,62.25114854517611
1750,37.74885145482389,62.25114854517611
2000,37.74885145482389,62.25114854517611
2500,29.508039816232774,70.49196018376723
2700,29.508039816232774,70.49196018376723
