30,88.14127105666157,11.858728943338438
60,85.28905053598776,14.710949464012252
100,86.61944869831547,13.380551301684532
200,78.49349157733538,21.506508422664623
300,74.53101071975497,25.468989280245026
350,73.99502297090352,26.004977029096477
355,60.52833078101072,39.47166921898928
360,59.59035222052067,40.40964777947932
370,57.704823889739664,42.295176110260336
400,52.04823889739663,47.95176110260337
500,49.933001531393565,50.06699846860643
750,45.99923430321592,54.00076569678407
1000,42.56316998468607,57.43683001531393
1250,38.466692189892804,61.533307810107196
1500,38.466692189892804,61.533307810107196
1750,38.466692189892804,61.533307810107196
2000,38.466692189892804,61.533307810107196
2500,29.508039816232774,70.49196018376723
2700,29.508039816232774,70.49196018376723
