0.0
39.42307692307692
32.69230769230769
85.57692307692307
62.5
100.0
81.73076923076923
0.0
0.0
63.46153846153846
71.15384615384616
0.0
0.0
74.03846153846155
60.57692307692307
0.0
0.0
84.61538461538461
50.0
0.0
0.0
95.1923076923077
39.42307692307692
0.0
5.769230769230769
100.0
29.807692307692307
0.0
15.384615384615385
100.0
100.0
100.0
100.0
100.0
100.0
100.0
100.0
82.6923076923077
0.0
0.0
0.0
49.03846153846153
0.0
0.0
72.11538461538461
62.5
0.0
0.0
82.6923076923077
51.92307692307693
0.0
0.0
93.26923076923077
41.34615384615385
0.0
3.8461538461538463
100.0
30.76923076923077
0.0
14.423076923076922
100.0
21.153846153846153
0.0
24.03846153846154
100.0
100.0
100.0
100.0
100.0
100.0
100.0
100.0
74.03846153846155
0.0
0.0
0.0
0.0
0.0
0.0
75.96153846153845
53.84615384615385
0.0
0.0
91.34615384615384
43.269230769230774
0.0
1.9230769230769231
100.0
32.69230769230769
0.0
12.5
100.0
22.115384615384613
0.0
23.076923076923077
100.0
12.5
0.0
32.69230769230769
100.0
100.0
