30,83.21209800918837,16.787901990811637
60,77.82350689127105,22.17649310872894
100,71.04709035222052,28.952909647779478
200,53.88591117917305,46.11408882082696
300,47.588055130168456,52.41194486983155
350,47.415773353751916,52.58422664624809
355,47.415773353751916,52.58422664624809
360,47.415773353751916,52.58422664624809
370,47.415773353751916,52.58422664624809
400,47.415773353751916,52.58422664624809
500,47.415773353751916,52.58422664624809
750,46.80321592649311,53.19678407350688
1000,42.07503828483921,57.92496171516079
1250,37.82542113323124,62.17457886676876
1500,35.56661562021439,64.43338437978561
1750,33.17381316998468,66.82618683001532
2000,29.51761102603369,70.48238897396631
2500,29.51761102603369,70.48238897396631
2700,29.51761102603369,70.48238897396631
