34.14
30.86
11.34
22.16
49.49
9.14
17.05
21.42
20.55
0.99
23.54
36.62
24.04
21.71
4.65
33.61
44.93
11.73
15.61
17.38
7.54
26.71
6.46
55.02
12.32
24.56
9.71
8.28
24.90
18.54
52.92
15.07
10.96
11.59
20.78
39.01
2.77
0.75
37.78
11.24
19.94
8.94
18.48
40.05
11.72
6.38
9.06
40.05
1.31
61.30
66.84
61.23
53.50
64.22
70.89
54.06
22.91
5.60
44.28
41.80
17.78
5.69
23.18
22.17
8.59
3.88
50.44
18.21
16.99
8.69
9.29
30.56
61.02
11.81
13.06
6.56
11.16
42.27
32.69
26.26
20.79
13.50
8.79
5.74
59.39
29.94
17.31
3.26
13.33
28.58
35.00
10.21
3.08
40.38
17.60
11.42
11.46
3.27
24.81
52.05
