34.14
30.89
12.49
9.84
33.79
8.61
17.33
14.42
4.63
1.37
19.58
30.84
20.43
21.42
4.82
4.44
40.61
10.28
13.53
15.24
7.61
4.38
2.41
51.19
8.34
23.12
10.99
9.57
9.56
11.28
53.54
9.37
13.15
12.66
21.63
8.94
2.66
0.69
37.26
10.57
18.67
6.30
0.80
38.71
11.63
3.05
7.96
31.20
1.14
62.40
67.41
40.94
33.63
62.44
70.56
54.46
24.84
8.44
22.33
42.14
16.91
2.67
22.35
6.86
7.57
3.71
51.08
14.74
15.89
9.15
9.77
5.83
53.33
9.66
12.86
3.85
9.26
3.80
31.29
22.47
18.74
12.89
8.92
5.58
32.52
25.95
16.79
2.62
11.68
22.21
12.01
9.87
4.59
38.63
16.65
10.43
9.59
2.13
3.69
51.17
