34.144244820768506
29.497979884810455
7.311097739190235
3.588928049514313
17.24977793059973
4.435657182154216
13.880053869738388
9.471618097939768
0.5587552651938451
0.021490587122840195
6.811083412132153
1.2679446402475716
9.97593054242242
4.811026103899825
0.2349637525430528
0.09169317172411817
2.6089572767128
0.10888564142239032
6.200750737843491
3.7952376858935786
0.11604917046333706
0.0401157626293017
0.09742399495687555
0.6146307917132297
0.30230092552795207
0.0558755265193845
0.15043410985988137
1.1146451187713116
0.060173643943952554
0.021490587122840195
0.13753975758617726
0.07879881945041406
0.060173643943952554
0.5301011490300582
0.20487693057107656
0.008596234849136079
0.060173643943952554
0.03151952778016562
4.637668701108915
0.3667726868964727
0.12321269950428379
0.38396515659474484
0.02865411616378693
0.05301011490300582
0.030086821971976277
0.030086821971976277
0.061606349752141895
0.3825324507865555
0.034384939396544315
35.240264764033356
40.23181179976504
27.760107739476776
21.332989483939368
37.847789334937964
53.03303819593685
43.91386572681166
2.9470758474454857
1.1060488839221754
0.6131980859050402
20.986274678357546
12.501790882260236
0.35960915785552594
12.302644774921918
0.9957305366915957
0.550159030344709
0.3796670391701768
17.768417433164274
5.601879710020344
0.49571620963351387
0.13897246339436659
0.32379151265079226
0.07306799621765667
15.898736353477178
0.8051806642024126
1.724977793059973
0.10458752399782227
0.4398406831141293
0.1948479899137511
12.884323333046794
2.9857589042665977
6.596177540903751
0.12321269950428379
0.15043410985988137
0.08596234849136078
5.225078082466546
6.577552365397289
3.63907275280094
0.18338634344823634
3.8969597982750224
10.185105590418063
0.6791025530817502
0.7894209003123299
0.09026046591592882
7.047479870483395
0.04727929167024843
0.05444282071119516
0.10028940657325425
0.061606349752141895
0.8495945442562824
1.9183930771655349
