74.66116507636322
52.17198200521504
40.26762944496977
67.43173156823977
82.26310209461589
50.75073784349122
50.53296656064644
63.72102352502937
67.10220923235623
73.83449382503797
75.14541963953121
62.680879108283904
39.54554571764234
40.39084214447406
36.035416487578445
62.72529298833778
87.42370841571392
33.42072838763288
45.13596378119717
40.52121837301929
41.95392418120863
47.785036820539275
68.05782400641853
80.57394194676066
29.22146766382991
31.27740049858162
28.519441817817132
45.40531247313677
42.67314249691968
69.18249806584717
80.19284220178228
25.95346571535001
25.58382761683716
57.52600361041864
73.05510186538297
74.66689589959597
62.64362875727099
74.13536204475773
75.09384223043641
24.50786555488696
31.10117768417433
44.81790309177913
54.27519413163701
64.25972090890856
23.838791942462535
41.58858420012035
28.960715206739447
84.31330410613485
55.74515029083928
73.1854780939282
72.62672282873434
75.05086105619073
67.55494426774406
66.92168830052438
73.89036935155735
59.13493223301527
40.35072638184475
42.562824149689106
61.892890913779766
59.481647038597096
24.9462735321929
38.460987420843004
69.393105819651
68.89882231582567
63.92160233817587
62.34705865497578
86.68299951288002
26.676982148485628
26.714232499498554
25.16691022665406
47.164675205593284
48.37101349608871
79.75586693028454
26.87612825582395
38.02974297257801
39.594257715120776
32.62127854666323
67.12799793690364
77.06094730508038
51.75649732084013
27.400498581621253
28.03805266626551
45.29212871428981
26.113928765867218
79.23006389867905
48.84523911859939
31.76595317917419
34.10556176394739
65.34857732313247
74.62821284277487
71.35304736525401
58.654975787271844
56.22080861915815
67.64663743946818
25.93770595145993
25.919080775953468
35.66291297744921
32.245909624917616
63.841370812917276
61.50749305137683
