34.144244820768506
29.497979884810455
7.311097739190235
3.588928049514313
17.24977793059973
4.435657182154216
13.880053869738388
9.471618097939768
0.5587552651938451
0.021490587122840195
6.811083412132153
1.2679446402475716
9.97593054242242
4.811026103899825
0.2349637525430528
0.09169317172411817
2.6089572767128
0.10888564142239032
6.200750737843491
3.7952376858935786
0.11604917046333706
0.0401157626293017
0.09742399495687555
0.6146307917132297
0.30230092552795207
0.0558755265193845
0.15043410985988137
1.1146451187713116
0.060173643943952554
0.021490587122840195
0.13753975758617726
0.07879881945041406
0.060173643943952554
0.5301011490300582
0.20487693057107656
0.008596234849136079
0.060173643943952554
0.03151952778016562
4.637668701108915
0.3667726868964727
0.12321269950428379
0.38396515659474484
0.02865411616378693
0.05301011490300582
0.030086821971976277
0.030086821971976277
0.061606349752141895
0.3825324507865555
0.034384939396544315
35.26748617438895
41.70033525315912
28.261554772343047
21.735579816040573
38.700249290810625
54.03593226166939
46.68615146565804
8.093355110461617
1.7521992034155707
0.7865554886959512
21.96767815696725
13.643657411387144
0.46849479927791626
12.223845955471504
0.9785380669933236
1.1461646465514772
0.4398406831141293
20.595145992721857
6.398464139373621
0.33525315911630704
0.7091893750537265
0.9154990114329924
0.10888564142239032
12.180864781225823
0.802315252586034
2.428436344880942
0.07306799621765667
0.1977134015301298
0.0802315252586034
11.212355654889825
0.6518811427261526
0.6174962033296083
0.06303905556033124
0.09312587753230751
0.07879881945041406
7.379867617983324
2.137597065818505
0.8897103068855841
0.17192469698272156
5.100432677154073
9.09481647038597
0.5730823232757386
0.6934296111636437
0.11461646465514772
7.510243846528554
0.8452964268317144
0.03151952778016562
0.09026046591592882
0.048711997478437775
0.6891314937390756
0.8682197197627439
