34.144244820768506
29.497979884810455
7.311097739190235
3.588928049514313
17.24977793059973
4.435657182154216
13.880053869738388
9.471618097939768
0.5587552651938451
0.021490587122840195
6.811083412132153
1.2679446402475716
9.97593054242242
4.811026103899825
0.2349637525430528
0.09169317172411817
2.6089572767128
0.10888564142239032
6.200750737843491
7.189317745494141
0.13753975758617726
0.11318375884695837
0.09742399495687555
1.4212441617238316
0.32522421845898164
11.50892575718502
0.16762657955815352
1.1275394710450157
0.12894352273704118
0.04298117424568039
1.3811283990945298
2.5344565746869536
0.07879881945041406
3.260838419438952
4.439955299578784
0.012894352273704116
0.07163529040946733
0.034384939396544315
5.822516404481504
0.4083211553339637
0.13897246339436659
0.43840797730594006
0.0401157626293017
5.891286283274592
0.048711997478437775
0.032952233588354966
0.2707813977477865
0.6389867904524485
0.13180893435341987
41.80349007134875
47.42112954525918
30.79601134703
22.98633198658987
44.08435771798619
56.440012607811106
47.472706954353995
9.262443049944125
2.113241067079286
0.9470185392131579
29.241525545144558
13.689503997249206
0.5573225593856558
13.630763059113441
1.1762514685234533
1.692025559471618
0.7220837273274305
27.77300209175048
6.710794005558898
0.7865554886959512
1.0516060632109803
1.1891458207971575
0.20344422476288718
13.332760251010056
0.9369895985558325
9.591965385827674
0.1174818762715264
0.3280896300753603
0.13180893435341987
11.85850597438322
1.1390011175105303
0.9441531275967794
0.22780022350210608
0.1604630505172068
0.11891458207971574
7.510243846528554
2.2966274105275226
0.8925757185019627
0.18338634344823634
5.431387718845812
12.285452305223647
0.909768188200235
0.8696524255709333
0.11891458207971574
8.111980285968079
0.8610561907217972
0.15903034470901745
0.19054987248918306
0.06876987879308863
0.9670764205278088
7.660677956388436
