200,52.748214071321385,47.251785928678615
3000,37.56822862179402,62.43177137820598
5000,35.347433365970176,64.65256663402982
10000,31.77458744768148,68.22541255231852
15000,28.22846133193273,71.77153866806727
26414,23.21488079529594,76.78511920470406
52628,12.830419370524432,87.16958062947556
78842,9.550946855244002,90.449053144756
105056,6.969871237773003,93.030128762227
131270,5.8754911644131775,94.12450883558682
157484,5.703137692801643,94.29686230719835
183698,5.068280915241348,94.93171908475865
209912,4.7877588060016265,95.21224119399837
236126,4.65804240267903,95.34195759732097
262340,4.5808773321802985,95.4191226678197
288554,4.468625507568795,95.53137449243121
314768,4.303679080414715,95.69632091958529
340982,4.303679080414715,95.69632091958529
