34.144244820768506
30.857617696782143
11.339866471818677
22.16109344107281
49.50571649617467
9.179346113069142
17.06209346972693
21.31006619100834
18.761282558239493
0.7249491389438093
23.36456631995186
35.76750050144703
22.874580933551105
21.50777959253847
4.637668701108915
32.36339150118915
44.45256311069085
12.135018195363765
11.167941774835956
12.864265451732141
6.48872460528955
23.824464884380642
6.293876615375798
58.10624946273533
11.145018481904925
16.318519155276658
5.17350067337173
6.528840367918852
22.320123785781828
1.4284076907647782
57.88274735665778
13.665147998509985
10.028940657325425
8.922891773403249
18.931774549414023
23.444797845210463
2.5860339837817703
0.616063497521419
40.0484254563168
10.229519470471933
14.365741138714577
6.92426717097911
20.430384824780077
41.49402561677985
11.675119630934985
2.93704690678816
9.897131722972006
48.345224791541305
23.484913607839765
58.03747958394223
65.1694890971088
53.34250265050574
43.61013209547552
62.39577065245423
70.42895211897189
55.802458523166855
19.261296885297575
4.760881400613198
24.364594974068023
43.07716553482908
10.669360153586064
5.468638069858735
21.406057480157024
24.016447462678016
8.230894868047795
3.3439353563139345
51.46135992435313
13.74681222957678
10.96306484426488
4.934238803404109
6.7193902404080355
22.802945643141637
40.94816470385971
8.21943322158228
8.313991804922777
5.535975242843635
8.892804951431273
23.25568067852947
29.490816355769507
29.000830969368753
12.795495572939053
8.298232041032694
6.358348376744319
6.769534943694662
41.56422820138113
23.290065617926015
9.775351729275911
2.9771626694174618
11.544743402389754
27.83174302988624
17.3615289836385
10.240981116937448
11.875698444081491
41.25619645262042
11.447319407432879
9.047537178715723
8.730909195105877
2.286598469870197
23.047938336342018
39.16014785523941
