36.77899080202871
40.85647153213559
11.63930198573025
49.58738072724147
53.73649674775781
8.580475085245997
17.304220751310925
23.400383965156596
25.593856557494483
23.989226052322415
40.22035015329952
42.883750250723516
16.407346915384394
21.292873721310066
5.639130061033267
39.25900455600447
71.30576807358378
17.146623112410097
11.278260122066534
13.167999083068283
6.8511991747614545
33.09263875755752
33.30038109974498
65.33281755924239
12.018969024900427
16.76552336743173
7.43287773288633
7.899939826356056
26.0222355941431
44.67033439353563
64.62076277257228
14.592108656408492
11.20089400842431
11.26823118140921
19.778503682053927
47.50136107051778
15.931688587065532
24.33450815209605
43.66887303361128
10.398578755838276
16.04917046333706
10.392847932605518
34.26029399123184
42.701796613083474
10.930112610676524
5.832545345138829
12.73675463480329
67.46611650763631
36.26464941688873
60.359895699017166
65.84859165019054
52.88690220350153
52.24361729562451
62.60351299464168
70.43468294220465
55.017335740279094
22.000630390555603
5.23940514054844
47.39677354651996
42.09146393879481
10.65360038969598
5.252299492822144
22.092323562279724
45.330811771110916
26.519384509584803
35.948021433278896
64.49038654402705
12.771139574199832
11.273962004641968
5.249434081205765
8.048941230407749
36.30333247370985
63.546233416430276
7.402790910914353
8.346944038511133
5.451445600160463
10.811198028596808
45.336542594343676
48.21771397461245
30.820367345769217
12.918708272443336
8.6607066105046
7.180721510645004
8.154961460213759
65.42164531935013
30.781684288948107
9.683658557551793
2.779449267887332
11.636436574113871
28.27301641880856
39.15584973781483
9.871343018424596
40.920943293504116
40.929539528353246
10.96306484426488
9.25098140347861
10.091979712885756
3.04736525401874
45.704747987048336
51.68916014785524
