58.01742170262758
45.403879767328576
12.296913951689161
60.503166279836094
62.94879509441531
9.961603484340525
18.45754892690335
31.545316484713027
43.35367775580962
48.26785867789908
58.02745064328491
46.33800395426803
25.88326313074873
27.222843061405772
7.89277629731511
51.581707212241035
76.89475343133041
19.471904639101407
16.74546548611708
24.321613799822345
10.692283446517092
39.03120433250236
49.05011604917046
66.95464053411273
13.934496690449583
26.833147081578268
15.175219920341556
14.173758560417205
31.157053210693714
53.739362159374195
68.05352588899395
16.579271612367116
20.884552565976104
14.652282300352445
24.032207226568097
55.99014298403966
30.614057709389954
52.23502106077538
55.790996876701335
15.28267285595576
24.479211438723173
13.894380927820283
45.4955729390527
50.67910255308175
16.87584171466231
13.223874609587668
17.66669532078283
75.8875612481733
41.37367832889194
68.35869222613829
72.29863319865899
67.3357402790911
62.63216711080547
65.16089286225967
72.52213530473652
56.96868105103297
25.47350926960658
9.448694805008738
52.226424825926244
45.49987105647727
19.894552852517265
8.821169661021806
26.450614630791712
51.43557121980572
35.3147654660592
47.78646952634746
72.40895154588956
19.097968423163987
20.12521848763575
11.017507664976074
15.1021519241239
39.34210149287945
67.91741883721598
12.544772056505918
18.175305882690047
7.859824063726754
14.382933608412849
57.458666437433735
64.47605948594516
34.82191466804206
22.841628699962747
16.94317888764721
12.984612739620047
12.6679847560102
71.62239605719361
31.84761741024098
18.221152468552106
8.662139316312787
15.662339895125935
32.45651737872146
51.656207914266886
14.847130290266197
49.01573110977392
51.656207914266886
19.643829336084128
15.991862231009485
14.329923493509844
5.623370297143185
52.922719848706265
53.237915126507914
