50.39685950886845
41.018367288460986
11.917246912518983
53.26227112524714
55.31677125419067
9.518897389610018
17.40451015788418
29.168457548926902
38.62861400040116
38.565574944840826
54.845411043296366
46.640304879795984
16.26694174618184
22.613828476460643
6.308203673457692
47.200492850798014
78.03088913722456
19.894552852517265
11.275394710450156
15.371500616063496
8.464425914782659
35.895011318375886
42.11008911430127
67.7913407260953
11.871400326656923
17.14089228917734
6.329694260580531
10.663629330353306
27.708530330381958
50.35960915785552
69.89168744090088
13.92303504398407
11.26679847560102
11.677985042551363
21.901773689790538
47.87672999226339
23.603828189919483
42.17456087566979
59.53608985930829
10.526089572767127
16.219662454511592
11.050459898564428
43.965443135906476
48.11026103899825
11.70663915871515
6.445743431043869
16.957505945729103
74.27719991976848
46.24917619416029
62.443049944124475
67.25550875383249
57.070403163414426
55.85690134387805
63.329894839393674
71.44760594859451
56.28957849795123
22.56081836155764
5.478667010516061
47.528582480873375
46.35089830654173
10.690850740708903
6.361213788360698
23.80010888564142
50.226367517693916
31.341872259950144
43.413851399753575
77.75580962205221
14.086363506117655
11.567666695320783
5.389839250408321
8.594802143327888
37.469555001575976
66.73400383965156
8.245221926129688
8.57044614458867
6.177827444912461
11.811226682712972
49.09023181179977
62.80409180778819
36.62569128055245
13.301240723229894
8.805409897131723
8.180750164761168
8.94438236052609
66.98902547350927
33.7817702512966
9.79397690478237
3.1576836012493197
12.424424768618012
29.886243158829767
43.67173844522766
10.973093784922204
47.18186767529156
45.15172354508725
11.48313705263761
9.412877159804006
10.441559930083956
3.41986876414797
49.48136049743545
54.51445600160463
