36.77899080202871
40.91091435284679
11.672254219318605
45.74056563225307
55.18209690822087
9.438665864351414
17.166680993724746
26.515086392160235
32.21725550875384
12.27542336456632
29.8146078684203
39.406573254247974
24.536519671050748
22.04934238803404
6.258058970171065
45.56864093527035
48.77217112238173
14.107854093240494
16.24258574744262
17.595060030373364
7.945786412218116
36.76323103813863
13.208114845697585
59.19367317115104
13.202384022464827
24.814464597839482
10.001719246969827
10.04040230379094
28.297372417547777
23.8703114702427
56.86409352703515
15.530530960772515
17.924582366256914
12.096335138542653
21.30576807358377
43.5714490386544
15.817072122410384
10.437261812659388
40.89515458895671
15.0620361614946
20.80145562910112
10.657898507120548
41.55993008395656
45.299292243330754
16.85721653915585
8.431473681194305
12.38287630018052
69.73122439038369
13.268288489641536
66.74833089773345
69.20542135877818
63.73391787730307
57.104788102810964
64.4846557207943
71.26851772257085
54.3568583627038
23.838791942462535
6.0488839221754205
45.17607954382647
43.42817845783547
18.000515774090946
7.186452333877762
23.84882088311986
47.1216940313476
19.90171638155821
15.831399180492278
56.01449898277887
18.660993151666236
17.248345224791542
8.81400613198086
10.124931946474112
37.488180177082434
63.68234046820825
12.193759133499526
13.553396945471215
6.813948823748532
11.428694231926416
46.87240322072266
38.565574944840826
30.369065016189577
20.923235622797215
13.814149402561679
9.657869853004385
9.458723745666065
65.87438035473797
31.38485343419582
17.47184733086908
3.2765981833290354
13.784062580589701
30.25444855153443
42.95538554113298
13.324164016160921
23.378893378033755
42.68890226080976
19.063583483767445
11.941602911258203
12.305510186538296
3.9227485028224303
47.15034814751139
53.03303819593685
