50.542995501303764
41.124387518267
11.960228086764664
49.660448723459126
48.147511390011175
7.488753259405713
16.709647840912346
27.745780681394884
36.88644373764291
38.07988767586464
53.810997449783656
42.32929310295424
16.338577036591307
21.553626178400528
5.690707470128084
46.65319923206969
76.51651909796843
18.001948479899138
11.28685635691567
14.07203644803576
7.931459354136222
36.138571305768075
40.617209662167966
65.41734720192555
12.094902432734463
16.782715837130006
8.48448379609731
10.596292157368406
27.917705378377605
47.315109315453164
66.29702856815382
14.594974068024872
11.220951889738961
11.282558239491102
20.36734576921975
49.69626636866386
21.331556778131176
34.117023410412905
54.169173901831
10.447290753316715
16.112209518897387
10.468781340439554
44.45542852230723
45.64027622567982
11.709504570331527
6.103326742886616
16.28986503911287
72.29003696380985
42.53130462190894
64.10498868162412
66.56924267170979
56.58471589443823
54.04166308490215
63.10496002750795
71.08226596750623
56.09902862546205
22.876013639359293
7.951517235450872
48.18762715264048
43.0198573025015
10.692283446517092
6.053182039599989
22.762829880512335
48.92117252643342
29.57534599845268
42.11295452591765
71.40462477434883
13.9187369265595
11.741024098111694
5.316771254190664
8.654975787271841
37.55265193845096
64.59497406802487
7.702226424825927
8.948680477950658
5.975815925957764
11.752485744577209
48.739218888793374
59.16501905498725
33.20725522221267
13.52187741769105
8.851256482993781
8.81400613198086
9.107710822659675
66.59073325883263
31.518095074357433
9.79540961059056
3.2379151265079233
12.25393277744348
29.118312845640276
43.23046505630534
11.1349895412476
47.04862603512995
43.51127539471045
11.455915642282013
9.73523596664661
10.372790051290869
3.3811857073268574
49.04868334336228
52.15908765294135
