200,52.6945738886353,47.3054261113647
3000,36.54512523349383,63.45487476650617
5000,34.46903239356994,65.53096760643005
10000,30.508484289472452,69.49151571052754
15000,28.10476225679607,71.89523774320394
26414,18.107558881705348,81.89244111829466
52628,12.076161609388866,87.92383839061114
78842,9.14292902332173,90.85707097667827
105056,7.155219272871793,92.84478072712821
131270,6.089077661070265,93.91092233892974
157484,5.857238602249162,94.14276139775085
183698,5.228700019284104,94.7712999807159
209912,4.949295413850343,95.05070458614966
236126,4.871600245392374,95.12839975460763
262340,4.709132384372024,95.29086761562797
288554,4.467020886719212,95.53297911328079
314768,4.303679080414715,95.69632091958529
340982,4.303679080414715,95.69632091958529
