34.144244820768506
29.497979884810455
7.311097739190235
3.588928049514313
17.24977793059973
4.435657182154216
13.880053869738388
9.471618097939768
0.5587552651938451
0.021490587122840195
6.811083412132153
1.2679446402475716
9.97593054242242
4.811026103899825
0.2349637525430528
0.09169317172411817
2.6089572767128
0.10888564142239032
6.200750737843491
7.189317745494141
0.13753975758617726
0.11318375884695837
0.09742399495687555
1.4212441617238316
0.32522421845898164
8.785352015817072
0.16762657955815352
1.1232413536204475
0.12894352273704118
0.04298117424568039
1.3811283990945298
2.553081750193415
0.0802315252586034
0.8653543081463652
0.32522421845898164
0.018625175506461505
0.07163529040946733
0.03725035101292301
5.571792888048368
0.8782486604200693
0.15903034470901745
0.45846585862059086
0.0802315252586034
5.631966531992321
2.4757156365511905
0.0587409381357632
0.15329952147626005
0.9169317172411817
0.13467434596979858
42.59147826585289
47.81082552508668
29.929224333075442
23.23562279721482
46.15891572824436
56.5761196595891
47.805094701853925
8.63491790595719
4.050259319751282
2.010086248889653
23.507836900770794
13.702398349522909
0.44127338892231865
13.337058368434626
1.050173357402791
2.075990716066363
0.7564686667239748
18.867302788045503
6.676409066162354
2.663400097423995
1.1361357058941517
2.779449267887332
0.6805352588899395
19.146680420642426
0.9341241869394539
2.6247170406028824
0.6962950227800224
1.7049199117453222
0.5659187942347919
13.006103326742888
2.965701022951947
6.051749333791799
1.050173357402791
1.4069171036419381
0.6346886730278805
4.422762829880512
6.176394739104272
6.364079199977077
0.35101292300638987
5.9915756898478465
13.500386830568212
1.2550502879738674
1.4470328662712397
0.34528209977363244
13.5691567093613
0.12894352273704118
0.7980171351614659
1.6891601478552394
0.25502163385770366
1.6089286225966362
16.7024843118714
