34.144244820768506
29.497979884810455
7.311097739190235
3.588928049514313
17.24977793059973
4.435657182154216
13.880053869738388
9.471618097939768
0.5587552651938451
0.021490587122840195
6.811083412132153
1.2679446402475716
9.97593054242242
4.811026103899825
0.2349637525430528
0.09169317172411817
2.6089572767128
0.10888564142239032
6.200750737843491
3.7952376858935786
0.11604917046333706
0.0401157626293017
0.09742399495687555
0.6146307917132297
0.30230092552795207
0.0558755265193845
0.15043410985988137
1.1146451187713116
0.060173643943952554
0.021490587122840195
0.13753975758617726
0.07879881945041406
0.060173643943952554
0.5301011490300582
0.20487693057107656
0.008596234849136079
0.060173643943952554
0.03151952778016562
4.637668701108915
0.3667726868964727
0.12321269950428379
0.38396515659474484
0.02865411616378693
0.05301011490300582
0.030086821971976277
0.030086821971976277
0.061606349752141895
0.3825324507865555
0.034384939396544315
35.26748617438895
41.67884466603628
28.182755952892634
21.771397461245307
38.24751425542279
54.26516519097968
45.05429955013038
3.2723000659044676
1.1819822917562108
0.7005931402045904
21.113785495286397
13.673744233359123
0.39399409725207024
12.847072982033868
1.012923006389868
0.6361213788360698
0.40402303790939564
17.785609902862547
5.584687240322072
0.5243703257973008
0.18338634344823634
0.8495945442562824
0.12321269950428379
22.2699790824952
0.835267486174389
1.6318519155276656
0.11318375884695837
0.4527350353878335
0.20917504799564454
13.060546147454083
3.0674231353333905
9.494541390870799
0.1303762285452305
0.18768446087280438
0.10172211238144359
0.922662540473939
3.7178715722513536
6.361213788360698
0.27651222098054384
4.365454597552938
10.874237084157139
0.8868448952692055
1.0344135935127081
0.09169317172411817
6.074672626722829
0.04727929167024843
0.3295223358835497
0.1948479899137511
0.06876987879308863
1.2177999369609445
10.253875469211152
