34.144244820768506
29.497979884810455
7.311097739190235
3.588928049514313
17.24977793059973
4.435657182154216
13.880053869738388
9.755293847961259
0.587409381357632
0.021490587122840195
8.127740049858161
2.3295796441158774
16.398750680535258
14.418751253617582
0.5114759735235966
0.4598985644287802
13.504684947992779
0.8281039571334423
9.48881056763804
9.387088455256599
1.9871629559586232
0.7593340783403536
0.2249348118857274
5.12765408750967
0.7750938422304364
12.874294392389466
1.174818762715264
1.4413020430384826
0.2707813977477865
0.10888564142239032
12.377145476947764
3.3152812401501475
6.020229806011634
4.378348949826642
15.110748158973037
1.1475973523596665
0.20487693057107656
0.05301011490300582
8.516003323877474
5.599014298403966
7.9443537064099266
0.7765265480386258
0.1361070517779879
16.66093584343391
9.93008395656036
2.531591163070575
6.3726754348262125
5.348290781970831
0.1790882260236683
49.44267744061435
57.13057680735838
32.793203243645955
30.142697498495657
50.818075016476115
65.21247027135448
48.2649932662827
14.186652912690908
2.276569529212871
1.0559041806355483
37.13859995988424
13.705263761139289
0.6447176136852059
14.319894552852515
1.2106364079199978
2.7235737413679475
0.8997392475429096
36.205908478752974
8.647812258230896
7.238029742972578
1.141866529126909
1.3596378119716896
0.27651222098054384
14.365741138714577
6.388435198716295
9.672196911086278
0.7063239634373478
0.5788131465084959
0.26934869193959715
13.80698587352073
1.4541963953121866
13.410126364652283
0.9656437147196195
0.587409381357632
0.24212728158399954
7.852660534685807
4.455715063468867
0.9269606578985071
0.2134731654202126
6.205048855268059
18.731195736267516
2.3181179976503623
1.385426516519098
0.19914610733831914
12.649359580503738
13.45454024470615
0.4169173901830998
1.3438780480816068
0.223502106077538
1.1848477033725895
11.79546691882289
