34.144244820768506
29.497979884810455
7.311097739190235
3.588928049514313
17.24977793059973
4.435657182154216
13.880053869738388
9.471618097939768
0.5587552651938451
0.021490587122840195
6.811083412132153
1.2679446402475716
9.97593054242242
4.811026103899825
0.2349637525430528
0.09169317172411817
2.6089572767128
0.10888564142239032
6.200750737843491
3.7952376858935786
0.11604917046333706
0.0401157626293017
0.09742399495687555
0.6146307917132297
0.30230092552795207
0.0558755265193845
0.15043410985988137
1.1146451187713116
0.060173643943952554
0.021490587122840195
0.13753975758617726
0.07879881945041406
0.060173643943952554
0.5301011490300582
0.20487693057107656
0.008596234849136079
0.060173643943952554
0.03151952778016562
4.637668701108915
0.3667726868964727
0.12321269950428379
0.38396515659474484
0.02865411616378693
0.05301011490300582
0.030086821971976277
0.030086821971976277
0.061606349752141895
0.3825324507865555
0.034384939396544315
35.240264764033356
40.233244505573225
27.8245795008453
21.384566893034183
37.71168228315997
53.23648242069974
45.16318519155277
7.156365511905785
1.6905928536634287
0.727814550560188
21.407490185965212
13.642224705578956
0.3524456288145792
11.63786927992206
0.9398550101722112
0.5644860884266025
0.4326771540731826
19.363018997679017
6.375540846442592
0.3194933952262243
0.6862660821226969
0.8997392475429096
0.0988567007650649
12.130720077939197
0.7779592538468151
2.41124387518267
0.048711997478437775
0.1891171666809937
0.07593340783403536
9.808303962864265
0.28797386744605863
0.02722141035559758
0.034384939396544315
0.06303905556033124
0.051577409094816465
6.894180349007136
1.2220980543855124
0.8854121894610162
0.1661938737499642
4.0029800280810335
8.864150835267486
0.5601879710020344
0.6662082008080461
0.08739505429955013
6.51021519241239
0.03868305682111235
0.02722141035559758
0.06447176136852059
0.04727929167024843
0.583111263933064
0.8180750164761169
