34.144244820768506
29.497979884810455
7.311097739190235
3.588928049514313
17.24977793059973
4.435657182154216
13.880053869738388
9.471618097939768
0.5587552651938451
0.021490587122840195
6.811083412132153
1.2679446402475716
9.97593054242242
4.811026103899825
0.2349637525430528
0.09169317172411817
2.6089572767128
0.10888564142239032
6.200750737843491
3.7952376858935786
0.11604917046333706
0.0401157626293017
0.09742399495687555
0.6146307917132297
0.30230092552795207
0.0558755265193845
0.15043410985988137
1.1146451187713116
0.060173643943952554
0.021490587122840195
0.13753975758617726
0.07879881945041406
0.060173643943952554
0.5301011490300582
0.20487693057107656
0.008596234849136079
0.060173643943952554
0.03151952778016562
4.637668701108915
0.3667726868964727
0.12321269950428379
0.38396515659474484
0.02865411616378693
0.05301011490300582
0.030086821971976277
0.030086821971976277
0.061606349752141895
0.3825324507865555
0.034384939396544315
35.240264764033356
39.47820854465744
22.747070116622254
20.655319636665805
35.52823863147941
42.82930743001232
38.09421473394653
1.6934582652798076
0.2951373964870053
0.017192469698272157
17.049199117453224
3.829622625290123
0.1977134015301298
0.959912891486862
0.1303762285452305
0.15043410985988137
0.23926186996762083
8.063268288489642
2.571706925699877
0.08452964268317144
0.04298117424568039
0.06876987879308863
0.014327058081893464
2.5702742198916875
0.6862660821226969
0.5730823232757386
0.010028940657325425
0.024355998739218888
0.017192469698272157
7.653514427347488
0.06590446717670993
0.004298117424568039
0.008596234849136079
0.01575976389008281
0.01575976389008281
0.29083927906243734
0.5028797386744606
0.8653543081463652
0.11604917046333706
3.0000859623484915
3.5430814636522534
0.034384939396544315
0.01575976389008281
0.061606349752141895
1.2808389925212758
0.017192469698272157
0.011461646465514772
0.03151952778016562
0.022923292931029543
0.38539786240293417
0.401157626293017
