34.144244820768506
29.497979884810455
7.311097739190235
3.588928049514313
18.801398320868792
5.346858076162641
15.043410985988137
11.432992349350984
1.113212412963122
0.04154846843749105
9.520330095418208
12.523281469383077
17.583598383907848
18.337201639015444
2.5659761024671197
5.962921573684059
18.19393105819651
2.313819880225794
11.649330926387576
10.842717556376973
4.087509670764206
1.4470328662712397
0.2994355139115734
20.971947620275653
5.372646780710049
17.362961689446692
5.521648184761741
4.2135877818848675
0.6174962033296083
0.23926186996762083
18.672454798131753
6.907074701280839
7.776727126851772
6.458637783317574
16.953207828304535
1.5817072122410385
0.6547465543425313
0.11891458207971574
21.20118054958595
8.401386859222328
15.203874036505344
4.417032006647755
0.583111263933064
23.25854609014585
10.460185105590417
2.746497034298977
7.113384337660104
21.331556778131176
0.5315338548382476
56.07897074414739
61.180836127109664
34.937963838505404
31.735866357202212
59.816900197713395
68.60655033095505
50.27651222098054
17.77701366801341
3.5430814636522534
2.8639789105705034
40.50116049170464
15.635118484770338
1.8639502564543398
15.85288976761512
1.5215335682970859
4.1577122553654835
2.1361643600103153
49.85529671337288
12.769706868391644
11.733860569070748
5.792429582509528
4.051692025559472
1.1633571162497494
25.550875383248805
6.874122467692484
10.931545316484712
1.6189575632539617
1.9814321327258662
0.541562795495573
15.766927419123759
10.45875239978223
14.980371930427804
3.9714605003008683
2.588899395398149
1.0229519470471933
11.42153070288547
14.31273102381157
14.424482076850339
0.5229376199891114
8.432906387002493
19.90028367575002
2.6791598613140777
5.730823232757386
0.7664976073813003
25.697011375684113
15.36433708702255
3.7178715722513536
5.826814521906072
0.7607667841485429
2.088885068340067
24.999283647095904
