74.41903779477921
50.93125877532307
39.82492335023926
67.42313533339063
82.21582280294565
50.70918937505373
50.51577409094816
63.72102352502937
67.0936129975071
73.79724347402504
75.11819822917562
62.65365769792831
39.54984383506691
40.39227485028224
36.0411473108112
62.72529298833778
87.42943923894667
33.40926674116737
45.13453107538898
40.52265107882748
41.963953121865956
47.78790223215565
68.06498753545947
80.58683629903436
29.220034958021717
31.280265910198
28.503682053927047
45.44829364738245
42.66884437949511
69.18249806584717
80.19570761339867
25.942004068884494
25.576664087796214
57.55465772658243
73.08232327573856
74.66976131121235
62.6550904037365
74.14539098541505
75.10387117109373
24.52505802458523
31.096879566749763
44.82649932662827
54.273761425828816
64.26688443794951
23.837359236654347
41.600045846585864
28.960715206739447
84.32763116421674
55.75661193730479
73.21413221009198
72.65537694489814
75.07808246654632
67.60795438264707
66.97469841542738
73.94194676065217
59.17361528983639
40.37364967477578
42.55422791483996
61.89575632539614
59.48881056763804
24.94484082638471
38.482478007965845
69.45327946359494
68.92890913779765
63.93879480787415
62.348491360783974
86.68299951288002
26.692741912375713
26.815954611879995
25.152583168572168
47.180434969483365
48.37101349608871
79.76589587094186
26.873262844207567
38.019714031920685
39.5913923035044
32.6241439582796
67.14805581821828
77.06381271669676
51.75363190922376
27.401931287429438
28.040918077881887
45.378091062781166
26.112496060059026
79.24439095676094
48.843806412791196
31.76595317917419
34.095532823290064
65.36576979283075
74.65543425313047
71.36307630591135
58.666437433737364
56.23083755981547
67.65523367431732
25.99214877217112
25.910484541104328
35.711624974927645
32.225851743602966
63.84853434195822
61.5117911688014
