65.14513309836958
43.10295423937649
12.566262643628756
61.97885326227113
62.52901229261584
11.629273045072924
22.31582566835726
34.6557207942921
44.32218688214562
52.87400785122783
67.14089228917734
55.21361643600103
23.940514054843977
26.94346542880885
7.7709963036190155
52.15765494713316
85.8935786125677
23.380326083841943
11.897189031204332
19.391673113842803
9.723774320181095
40.342130146995615
60.52895498438351
75.93627324565175
13.523310123499241
18.430327516547752
15.915928823175449
15.047709103412704
33.22731310352732
63.94022751368234
75.50502879738674
15.82566835725952
12.97028568153815
15.152296627410527
30.05816785581249
58.89710306885584
30.444998424023613
66.17095045703316
68.59222327287314
11.13355683543941
19.17963265423078
14.067738330611194
46.3953121865956
53.61185134244534
11.944468322874581
8.19650992865125
19.07074701280839
77.54090375082382
48.786498180463624
68.13089200263617
69.32863405828246
61.388578469297116
59.55614774062295
64.3643084329064
72.26711367087883
56.87125705607611
25.79873348806556
12.822716983294649
55.62910112037594
47.87386458064701
12.195191839307716
6.762371414653715
30.899166165219633
54.05312473136766
34.97091607209376
54.21072237026849
81.91638728903406
15.329952147626006
16.47754949998567
12.248201954210721
17.632310381386286
41.01979999426918
71.71695464053411
9.136364938823462
12.017536319092239
8.692226138284765
16.117940342130147
59.70371643886644
73.51213501819537
43.190349293676036
15.443135906472966
18.18963294077194
13.87575575231382
15.698157540330667
73.07945786412218
34.96231983724462
10.728101091721825
7.033152812401501
17.736897905384108
37.35064041949626
53.09177913407262
15.597868133757414
50.319493395226225
56.726553769448984
12.411530416344307
15.21533568297086
16.440299148972752
9.897131722972006
54.789535516776986
57.34834809020316
