34.144244820768506
30.8232327573856
11.28972176853205
25.168342932462252
39.94527063812717
10.659331212928738
18.619444683228746
16.02481446459784
12.885756038854982
11.996045731969398
20.676810223788646
33.32043898105963
14.305567494770624
20.19255566062065
4.783804693544227
3.6175821656780993
44.25484970916072
9.938680191409496
8.995959769620907
10.89429496547179
5.415627954955729
3.4442247628871887
0.7951517235450872
55.56892747643198
7.335453737929454
14.977506518811426
9.553282329006562
7.490185965213902
6.037422275709906
3.3009541820682538
53.84968050660477
9.153557408521735
9.157855525946303
9.258144932519556
19.724060861342732
5.907046047164675
1.6648041491160206
0.5458609129201409
37.488180177082434
6.458637783317574
15.107882747356657
6.720822946216224
1.8854408435771801
38.642941058483046
8.617725436258919
1.4398693372302933
9.561878563855698
30.8905699303705
1.5329952147626007
61.86280409180779
65.99759305424224
34.870626665520504
31.111206624831656
62.68804263732485
70.26992177426288
54.77091034127053
21.937591334995272
7.123413278317431
14.960314049113155
41.28628327459239
9.879939253273733
3.260838419438952
21.54932806097596
7.520272787185879
11.276827416258344
3.4829078197083008
50.10888564142238
12.249634660018911
10.98025731396315
5.523080890569931
7.619129487950945
5.126221381701481
53.213559127768704
6.911372818705407
8.573311556205049
4.758015988996819
11.011776841743316
3.839651565947448
28.682770279950713
26.032264534800426
13.047651795180379
11.905785266053469
8.126307344049973
4.574629645548582
27.84607008796814
30.17278432046763
9.516031977993638
2.6619673916158058
11.401472821570819
21.192584314736813
5.914209576205622
9.199403994383793
4.792400928393364
40.0355311040431
10.54614745408178
9.537522565116479
8.313991804922777
2.3983495229089655
5.726525115332818
51.31235852030144
