34.144244820768506
29.497979884810455
7.311097739190235
3.588928049514313
17.24977793059973
4.435657182154216
13.880053869738388
9.471618097939768
0.5587552651938451
0.021490587122840195
6.811083412132153
1.2679446402475716
9.97593054242242
4.811026103899825
0.2349637525430528
0.09169317172411817
2.6089572767128
0.10888564142239032
6.200750737843491
3.7952376858935786
0.11604917046333706
0.0401157626293017
0.09742399495687555
0.6146307917132297
0.30230092552795207
0.0558755265193845
0.15043410985988137
1.1146451187713116
0.060173643943952554
0.021490587122840195
0.13753975758617726
0.07879881945041406
0.060173643943952554
0.5301011490300582
0.20487693057107656
0.008596234849136079
0.060173643943952554
0.03151952778016562
4.637668701108915
0.3667726868964727
0.12321269950428379
0.38396515659474484
0.02865411616378693
0.05301011490300582
0.030086821971976277
0.030086821971976277
0.061606349752141895
0.3825324507865555
0.034384939396544315
35.240264764033356
39.47820854465744
22.747070116622254
20.73555116192441
35.929396257772424
46.44115877245766
41.360783976618244
2.3066563511848477
0.5487263245365197
0.20201151895469782
19.6209060431531
6.687870712627869
0.23066563511848476
9.302558812573427
0.9398550101722112
0.38683056821112355
0.28940657325424796
16.0835554027336
2.6705636264649417
0.4226482134158572
0.10458752399782227
0.25358892804951433
0.03725035101292301
7.097624573770021
0.7550359609157855
0.7292472563683773
0.08452964268317144
0.363907275280094
0.06876987879308863
9.483079744405284
0.3209261010344136
0.2593197512822717
0.12321269950428379
0.12607811112066247
0.06876987879308863
0.7206510215192413
3.5674374623914726
3.4900713487492476
0.330955041691739
3.3181466517665266
9.640677383306112
0.8495945442562824
0.8051806642024126
0.0773661136422247
1.6576406200750737
0.032952233588354966
0.0401157626293017
0.05444282071119516
0.045846585862059086
0.8252385455170634
10.031806068941803
