200,52.843803627646594,47.15619637235341
3000,36.6006135955513,63.3993864044487
5000,34.63370660825847,65.36629339174154
10000,31.36858971879306,68.63141028120694
15000,25.820183322201277,74.17981667779873
26414,21.23040894048891,78.76959105951109
52628,12.771005418174223,87.22899458182579
78842,9.499083217069956,90.50091678293003
105056,6.893608766502164,93.10639123349783
131270,5.878070019350008,94.12192998064998
157484,5.703137692801643,94.29686230719835
183698,5.068280915241348,94.93171908475865
209912,4.7877588060016265,95.21224119399837
236126,4.65804240267903,95.34195759732097
262340,4.5808773321802985,95.4191226678197
288554,4.468625507568795,95.53137449243121
314768,4.303679080414715,95.69632091958529
340982,4.303679080414715,95.69632091958529
