36.684432218688215
40.789134359150694
11.633571162497493
49.58738072724147
53.737929453566004
8.580475085245997
17.302788045502737
23.400383965156596
25.659761024671194
23.91185993868019
40.16304192097195
42.888048368148084
16.408779621192586
21.10805467205364
5.37121407490186
39.20742714690965
72.42614401558784
17.897360955901316
11.305481532422132
14.242528439210291
7.970142410957334
27.40336399323763
29.926358921459066
60.56907074701281
11.612080575374653
16.708215135104158
5.693572881744462
7.970142410957334
27.02656236568383
42.161666523396086
64.42448207685034
13.966016218229749
11.124960600590276
11.262500358176453
19.650992865125076
47.28072437605662
15.418779907733745
17.831456488724605
45.29212871428981
10.447290753316715
16.016218229748702
10.271067938909423
37.80337545488409
43.40525516490444
11.26679847560102
5.951459927218545
13.331327545201868
69.70686839164446
34.5482678586779
59.662167970428946
65.84715894438236
53.796670391701774
53.18060689418035
62.640763345654605
70.43611564801284
55.03309550416917
22.04361156480128
5.038826327401931
46.80936416516233
42.167397346628846
10.663629330353306
5.441416659503138
22.05364050545861
46.43399524341672
26.487864981804638
35.483824751425544
62.692340754749424
13.339923780051006
11.305481532422132
5.270924668328606
7.379867617983324
36.5927390469641
63.586349179059575
7.440041261927275
8.295366629416316
5.659187942347918
10.799736382131293
45.68039198830912
46.15891572824436
32.27886185850598
12.814120748445514
8.652110375655463
7.011662225278662
8.259548984211582
64.98467004785238
30.946445456889883
9.728072437605661
2.779449267887332
11.832717269835811
28.261554772343047
38.959569042092895
10.185105590418063
40.82351929854723
41.40949597409668
11.129258718014842
9.262443049944125
9.399982807530302
3.027307372704089
46.01851055904181
51.633284621335854
