74.86890741855068
50.714920198286485
34.95658901401186
68.32573999254993
78.09965901601765
44.931086850626095
49.10599157568985
68.3028166996189
63.26399037221697
72.80724376056621
76.65835697297916
62.92587180148428
38.24035072638184
40.939568469010574
33.394939683085475
63.59494541390871
88.42087165821371
32.548210550445575
40.857904237943785
39.62291183128456
37.97386744605863
47.85380669933236
68.59508868448953
81.07968709705149
27.84607008796814
32.548210550445575
31.14702427003639
45.17034872059371
43.5184389237514
70.20974813031891
80.32751654775208
26.7744061434425
25.176939167311385
52.236453766583566
78.63692369408865
75.43339350697728
60.365626522249926
75.03366858649245
75.27436316226826
24.047966990458182
32.00234963752543
42.274850282243044
54.97292186022522
64.34854866901631
23.449095962635035
37.24605289549844
29.46646035703029
85.69443250522937
56.62626436287572
76.06521676838878
81.57110518926044
78.63692369408865
70.36877847502794
70.09799707728016
75.88899395398148
60.753889796269235
40.757614831370525
43.736210206596176
62.63789793403822
59.44726209920055
24.146823691223243
35.519642396630275
74.1797759248116
70.08367001919827
64.14940256167799
62.52328146938307
87.42227570990573
26.2371414653715
28.566721109487375
27.165534829078197
47.38101378262988
48.81945041405198
79.95644574343105
24.019312874294393
32.26740021204046
36.54402704948566
31.90062752514399
68.1953637640047
77.8919166738302
52.37685893578613
26.32740193128743
31.59116307057509
42.120118054958596
26.25290122926158
80.11547608814006
46.51852488609989
28.636923694088658
28.18991948193358
59.70514914467463
78.38763288346371
72.35880684260295
57.2752800939855
57.2222699790825
67.80423507836902
25.387546921115216
28.773030745866645
34.32190034098399
31.078254391243306
64.55199289377919
61.01034413593512
