74.6912518983352
50.69056419954726
36.34058282472277
67.48474168314277
81.09831227255795
48.50998595948308
49.660448723459126
63.21384566893035
66.92885182956532
74.22418980486547
75.14398693372303
62.566262643628754
39.2819278489355
39.77764405856901
35.432247342330726
62.52757958680765
87.42227570990573
33.15281240150148
44.135935127081005
39.837817702512965
41.247600217771286
47.48846671824408
68.01770824378922
80.44356571821542
28.6713086334852
31.032407805381247
28.34751712083441
45.42680306025961
42.686036849193385
69.17819994842259
80.10831255909912
25.86607066105046
25.572365970371646
57.39419467606521
73.00209175047996
74.636809077624
62.5863205249434
74.152554514456
75.12822716983295
24.489240379380497
31.07395627381873
44.71904639101407
54.26659789678787
64.27261526118227
23.834493825037967
41.50262185162899
28.93922461961661
84.35628528038053
55.7422848792229
73.33734490959625
72.74420470500587
75.1081692885183
67.63804120461904
67.03487205937134
74.01071663944525
59.17791340726095
40.290552737900796
42.4696982721568
61.898621737012526
59.49310868506261
24.94913894380928
38.39078483624173
69.30714347115963
68.87876443451103
63.87002492908106
62.33416430270209
86.6987592767701
26.65978967878736
26.711367087882177
25.136823404682083
47.10163615003295
48.366715378664146
79.78165563483194
26.820252729304567
37.94091521247027
39.489670191122954
32.56683572595203
67.15808475887562
77.05951459927218
51.75649732084013
27.401931287429438
28.02945643141637
45.1588870741282
26.08384194389524
79.27447777873292
48.806556061778274
31.731568239777648
33.986647181867674
65.21963380039543
74.57950084529644
71.31293160262472
58.544657440041256
56.23513567724003
67.66812802659102
25.929109716610792
25.89902289463881
35.58554686380699
32.190034098398236
63.84996704776641
61.5117911688014
