74.74712742485458
51.64904438522594
40.24470615203874
67.40737556950056
82.19003409839823
50.63468867302788
50.46992750508611
63.685205879824636
67.03630476517952
73.77432018109401
75.11676552336743
62.65365769792831
39.5240551305195
40.37364967477578
36.00676237141465
62.7209948709132
87.42943923894667
33.40353591793461
45.077222843061406
40.48826613943093
41.91094300696295
47.777873291498324
68.0606894180349
80.58397088741798
29.207140605748016
31.280265910198
28.510845582967992
45.368062122123845
42.66168085045417
69.18536347746354
80.19570761339867
25.943436774692685
25.58239491102897
57.450070202584605
73.01785151437004
74.64397260666495
62.599214877217115
74.1396601621823
75.10243846528553
24.496403908421442
31.094014155133387
44.77205650591707
54.27232872002064
64.26115361471676
23.834493825037967
41.54273761425829
28.95211897189031
84.32476575260036
55.7422848792229
73.21556491590016
72.66110776813089
75.05229376199891
67.59076191294879
66.96896759219462
73.93621593741942
59.14925929109717
40.32493767729734
42.509814034786096
61.89002550216338
59.48307974440529
24.94197541476833
38.415140834980946
69.34582652798075
68.89165878678473
63.88005386973838
62.33846242012665
86.67870139545546
26.66552050202011
26.712799793690362
25.152583168572168
47.13029026619674
48.36958079028052
79.7615977535173
26.85033955127654
37.97100203444225
39.53408407117682
32.599787959540386
67.13945958336916
77.05808189346399
51.747901085990996
27.400498581621253
28.045216195306455
45.19183930771655
26.10533253101808
79.24439095676094
48.81945041405198
31.743029886243157
34.03822459096249
65.27550932691481
74.58523166852919
71.33155677813117
58.58763861428694
56.2265394423909
67.64807014527638
25.93340783403536
25.920513481761652
35.64142239032637
32.20865927390469
63.84280351872547
61.50462763976046
