50.189117166680994
41.01979999426918
11.918679618327173
53.664861457348344
55.31677125419067
9.518897389610018
17.40451015788418
29.168457548926902
38.62861400040116
38.565574944840826
54.845411043296366
46.640304879795984
16.26694174618184
22.613828476460643
6.308203673457692
47.200492850798014
78.03088913722456
19.894552852517265
11.275394710450156
15.371500616063496
8.464425914782659
35.889280495143126
43.049944124473484
67.68675320209748
11.812659388521162
17.14089228917734
6.328261554772344
10.663629330353306
27.669847273560848
50.41548468437491
69.8616006189289
13.905842574285796
11.26536576979283
11.688013983208688
21.860225221353048
47.89535516776985
23.619587953809564
42.015530530960774
59.51173386056907
10.527522278575317
16.219662454511592
11.07338319149546
43.97260666494742
48.10882833319006
11.70663915871515
6.434281784578355
16.956073239920915
74.12390039829222
46.22768560703745
62.46167511963093
67.213960285395
57.080432104071754
55.92423851686294
63.278317430298856
71.44044241955358
56.29817473280036
22.676867532020974
5.455743717585031
47.53001518668157
46.35662912977449
10.689418034900713
6.349752141895183
23.807272414682366
50.16619387374996
31.34330496575833
42.76340296283561
77.66841456775265
14.09925785839136
11.592022694060002
5.389839250408321
8.596234849136078
37.49820911773976
66.90163041920972
8.246654631937878
8.571878850396859
6.177827444912461
11.811226682712972
49.13751110347001
62.86713086334852
36.615662339895124
13.308404252270838
8.808275308748103
8.180750164761168
8.94438236052609
66.918822888908
33.76027966417376
9.79540961059056
3.15625089544113
12.410097710536117
29.85185821943322
43.802114673772884
10.965930255881258
47.22341614372905
45.19327201352474
11.4845697584458
9.415742571420385
10.441559930083956
3.41986876414797
49.452706381271675
54.394108713716726
