62.80409180778819
44.019885956617664
12.645061463079172
57.93719017736898
59.74383220149575
10.167913120719792
23.065130806040287
33.893521304335366
44.54855439983953
53.558841227542345
69.59798275022206
55.47580159889968
17.524857445772085
25.921946187569844
7.995931115504742
52.968566434568324
85.85203014413021
23.535058311126395
11.864236797615977
19.145247714834234
9.708014556291012
40.249004269463306
60.81406344021318
75.96779277343191
13.49895412476002
18.46327975013611
15.961775409037507
15.086392160233816
33.21155333963724
63.98893951116078
75.50646150319493
15.837130003725036
12.963122152497206
15.152296627410527
30.05816785581249
58.89710306885584
30.444998424023613
66.17095045703316
68.59222327287314
11.13355683543941
19.17963265423078
14.067738330611194
46.3953121865956
53.61185134244534
11.944468322874581
8.19650992865125
19.07074701280839
77.54090375082382
48.786498180463624
68.13089200263617
69.32720135247429
61.39001117510531
59.55614774062295
64.3643084329064
72.26711367087883
56.87125705607611
25.79873348806556
12.822716983294649
55.62910112037594
47.87386458064701
12.195191839307716
6.762371414653715
30.899166165219633
54.051692025559475
34.97091607209376
54.21072237026849
81.91638728903406
15.329952147626006
16.47754949998567
12.248201954210721
17.632310381386286
41.018367288460986
71.71695464053411
9.136364938823462
12.017536319092239
8.692226138284765
16.117940342130147
59.70371643886644
73.51213501819537
43.190349293676036
15.443135906472966
18.18963294077194
13.87575575231382
15.698157540330667
73.07945786412218
34.96231983724462
10.728101091721825
7.033152812401501
17.736897905384108
37.35064041949626
53.09177913407262
15.597868133757414
50.319493395226225
56.726553769448984
12.411530416344307
15.21533568297086
16.440299148972752
9.897131722972006
54.789535516776986
57.34834809020316
