34.144244820768506
29.497979884810455
7.311097739190235
3.588928049514313
17.24977793059973
4.435657182154216
13.880053869738388
9.755293847961259
0.587409381357632
0.021490587122840195
8.127740049858161
2.339608584773203
16.398750680535258
14.415885842001202
0.48138915155162043
0.3954268030602596
13.169431788876473
0.661910083383478
9.48881056763804
9.38135763202384
1.992893779191381
0.7435743144502708
0.2249348118857274
5.2093183185764635
0.7034585518209691
12.88862145047136
1.2177999369609445
1.3868592223272873
0.26791598613140777
0.0830969368749821
11.109200836700191
3.289492535602739
0.5888420871658213
4.163443078598241
15.117911688013983
1.1461646465514772
0.20630963637926586
0.05444282071119516
8.41571391730422
2.9055273790079945
0.3123298661852775
0.7908536061205192
0.14327058081893465
15.14370039256139
6.235135677240035
0.15759763890082812
0.5472936187283303
5.153442792057079
0.1547322272844494
46.44402418407404
50.07450070202585
27.373277171265652
23.600962778303103
48.69193959712313
65.02765122209806
50.44986962377146
8.412848505687842
2.343906702197771
1.3553396945471217
29.84039657296771
7.500214905871229
0.6432849078770165
14.825639703143356
1.282271698329465
2.157654947133156
0.922662540473939
39.354995845153155
7.785323361700907
3.2837617123699823
1.2163672311527551
1.5286970973380327
0.6876987879308862
37.526863233903555
3.772314392962549
4.874065159460157
1.0730966503338204
1.6347173271440443
0.47565832831886296
24.31158485916502
11.720966216797043
1.3668013410126365
1.078827473566578
1.265079228631193
0.5386973838791943
13.335625662626436
8.334049686237428
7.094759162153644
0.25788704547408237
6.195019914610734
14.414453136193014
1.2278288776182698
1.5860053296656063
0.23639645835124215
16.080689991117225
6.081836155763776
0.806613370010602
1.9513453107538898
0.23353104673486347
1.277973580904897
15.054872632453653
