58.01742170262758
42.921000601736445
12.117825725665492
56.2408665004728
55.633399237800504
8.248087337746068
19.225479240092838
31.030975099573055
41.792028424883235
52.29232929310296
65.31849050116048
49.98280753030173
16.98902547350927
24.073755695005588
6.838304822487751
50.11604917046334
82.94220464769764
22.105217914553428
11.504627639760452
17.775580962205222
8.706553196366658
38.63577752944211
54.00584543969741
72.8344651709218
12.597782171408923
17.9532364824207
13.534771769964754
12.36281841886587
31.304621908937218
57.55752313819881
73.22989197398206
14.954583225880397
12.338462420126652
12.215249720622367
26.065216768388776
55.41132983753116
29.604000114616465
59.630648442648784
64.56631995186109
10.65646580131236
18.09077624000688
12.215249720622367
45.939711739591395
51.015788418006245
11.72812974583799
7.831169947562968
18.444654574629645
76.61107768130891
47.717699647554376
67.25121063640792
68.43032751654775
59.39998280753031
56.8984784664317
63.99896845181811
71.92756239433795
56.6706782429296
24.39897991346457
9.339809163586349
50.73784349121752
46.51136135705894
11.987449497120261
6.462935900742142
26.48929768761283
52.96999914037651
33.46084415026219
50.99716324249979
79.880512335597
14.331356199318032
15.474655434253132
11.553339637238889
14.33708702255079
38.6099888248947
69.23980629817473
8.594802143327888
11.155047422562252
6.911372818705407
13.471732714404425
54.955729390526955
70.36304765179518
40.15444568612281
14.828505114759736
17.004785237399354
11.693744806441446
13.1522393191782
70.04928507980172
34.70443279177054
10.289693114415886
5.846872403220723
15.798446946903924
33.707269549270755
50.56735150004298
14.15656609071893
49.49138943809278
51.53872603799535
11.801197742055647
14.226768675320209
13.579185650018625
6.753775179804579
52.63474598126021
55.205020201151896
