34.144244820768506
29.497979884810455
7.311097739190235
3.588928049514313
17.24977793059973
4.435657182154216
13.880053869738388
9.471618097939768
0.5587552651938451
0.021490587122840195
6.811083412132153
1.2679446402475716
9.97593054242242
4.811026103899825
0.2349637525430528
0.09169317172411817
2.6089572767128
0.10888564142239032
6.200750737843491
3.7952376858935786
0.11604917046333706
0.0401157626293017
0.09742399495687555
0.6146307917132297
0.30230092552795207
0.0558755265193845
0.15043410985988137
1.1146451187713116
0.060173643943952554
0.021490587122840195
0.13753975758617726
0.07879881945041406
0.060173643943952554
0.5301011490300582
0.20487693057107656
0.008596234849136079
0.060173643943952554
0.03151952778016562
4.637668701108915
0.3667726868964727
0.12321269950428379
0.38396515659474484
0.02865411616378693
0.05301011490300582
0.030086821971976277
0.030086821971976277
0.061606349752141895
0.3825324507865555
0.034384939396544315
35.240264764033356
39.47820854465744
22.747070116622254
20.73555116192441
35.929396257772424
46.319378778761575
41.38657268116565
2.312387174417605
0.5558898535774663
0.20344422476288718
19.47047193329322
6.683572595203301
0.2220694002693487
9.500272214103555
0.9112008940084243
0.368205392704662
0.26934869193959715
9.358434339092812
2.597495630247285
0.18625175506461503
0.08452964268317144
0.1762228144072896
0.034384939396544315
10.794005558898535
0.7392761970257028
2.406945757758102
0.03151952778016562
0.12321269950428379
0.060173643943952554
8.537493911000315
0.11891458207971574
0.021490587122840195
0.021490587122840195
0.03868305682111235
0.034384939396544315
0.479956445743431
0.7349780796011347
0.881114072036448
0.16476116794177484
3.5187254649130346
8.271010630677097
0.5601879710020344
0.6604773775752887
0.07593340783403536
6.5059170749878215
0.03868305682111235
0.02722141035559758
0.03725035101292301
0.045846585862059086
0.47422562251067363
0.7722284306140577
