34.144244820768506
29.497979884810455
7.311097739190235
3.588928049514313
18.801398320868792
5.346858076162641
15.043410985988137
11.432992349350984
1.113212412963122
0.04154846843749105
9.520330095418208
12.523281469383077
17.583598383907848
18.337201639015444
2.5659761024671197
6.070374509298261
18.23691223244219
2.313819880225794
11.652196338003955
10.824092380870512
4.053124731367661
1.426974984956589
0.30230092552795207
20.82437892203215
5.607610533253101
17.178142640190263
5.504455715063469
5.56606206481561
2.932748789363592
1.124674059428637
19.781369093670307
7.03458551820969
7.781025244276341
6.5660907189317745
17.143757700793717
1.5946015645147427
0.6547465543425313
0.12751081692885183
21.00346714805582
8.432906387002493
15.335682970858763
4.432791770537838
0.5845439697412533
23.070861629273047
10.461617811398607
2.746497034298977
7.177856099028626
21.141006905641994
0.5315338548382476
56.11335568354394
61.212355654889826
34.98094501275108
31.735866357202212
59.81546749190522
68.60655033095505
50.29513739648701
17.792773431903495
3.544514169460443
2.8625462047623143
40.50259319751282
15.635118484770338
1.8639502564543398
15.85288976761512
1.5201008624888965
4.174904725063755
2.1361643600103153
49.85529671337288
12.769706868391644
11.751053038769019
5.8096220522078
4.051692025559472
1.1619244104415598
25.550875383248805
6.874122467692484
10.931545316484712
1.6189575632539617
1.9799994269176766
0.541562795495573
15.766927419123759
10.45875239978223
14.980371930427804
3.9714605003008683
2.588899395398149
1.021519241239004
11.42153070288547
14.31273102381157
14.424482076850339
0.5229376199891114
8.432906387002493
19.90028367575002
2.6791598613140777
5.730823232757386
0.7664976073813003
25.697011375684113
15.36433708702255
3.7178715722513536
5.826814521906072
0.7607667841485429
2.088885068340067
24.999283647095904
