62.58918593655979
43.127310238115705
12.566262643628756
61.97885326227113
62.52901229261584
11.629273045072924
22.31582566835726
34.6557207942921
43.86658643514141
52.75222785753173
68.80139832086878
55.45574371758503
17.616550617496205
26.015072065102153
7.9787386458064695
52.95137396487005
86.01965672368836
23.398951259348404
11.897189031204332
19.330066764090663
9.730937849222041
40.403736496747754
60.97739190234677
76.05662053353964
13.529040946732
18.484770337258947
15.97753517292759
15.089257571850196
33.2301785151437
63.89867904524485
75.40903750823806
15.817072122410384
12.97028568153815
15.152296627410527
30.05816785581249
58.94008424310152
30.487979598269295
66.17524857445773
68.45468351528697
11.13355683543941
19.17963265423078
14.067738330611194
46.35662912977449
53.65483251669102
11.944468322874581
8.19650992865125
19.0693143070002
77.54090375082382
48.744949712026134
68.13089200263617
69.27992206080404
61.43299234935098
59.51173386056907
64.3643084329064
72.32155649159002
56.834006705063175
25.840281956503052
12.822716983294649
55.630533826184134
47.83231611220952
12.195191839307716
6.762371414653715
30.899166165219633
54.097538611421534
34.932233015272644
54.21072237026849
81.91925270065045
15.371500616063496
16.47754949998567
12.248201954210721
17.632310381386286
40.975386114215304
71.7599358147798
9.136364938823462
12.017536319092239
8.692226138284765
16.117940342130147
59.709447262099204
73.51500042981174
43.216137998223445
15.443135906472966
18.18963294077194
13.87575575231382
15.698157540330667
73.08089056993038
35.0053010114903
10.728101091721825
7.033152812401501
17.775580962205222
37.35064041949626
53.093211839880794
15.597868133757414
50.320926101034416
56.726553769448984
12.411530416344307
15.21533568297086
16.440299148972752
9.897131722972006
54.79669904581793
57.30679962176567
