34.144244820768506
29.497979884810455
7.311097739190235
3.588928049514313
18.801398320868792
5.345425370354452
15.03624745694719
11.394309292529872
1.0745293561420097
0.04154846843749105
9.521762801226396
12.219547838046935
17.59935814779793
17.97472706954354
1.7192469698272157
0.8209404280924956
14.85859193673171
1.5831399180492276
10.832688615719647
12.743918163844237
2.406945757758102
1.137568411702341
0.5258030316054901
15.60503166279836
5.028797386744606
12.249634660018911
7.597638900828104
4.955729390526949
1.6590733258832633
0.32235880684260293
16.564944554285223
7.038883635634259
7.3855984412160804
5.884122754233646
17.564973208401387
1.385426516519098
0.5157740909481647
0.12177999369609445
19.040660190836416
7.5403306685005305
11.622109516031978
3.333906415656609
0.37680162755379815
20.209748130318918
1.4341385139975358
0.2722141035559758
7.169259864179489
17.1194017020545
0.550159030344709
56.04745121636723
61.02180578240064
33.14278346084415
25.258603398378177
58.6205908478753
67.94320754176337
51.71494885240264
13.776899051548755
2.9270179661308346
1.7135161465944584
38.44952577437749
7.960113470300009
0.9355568927476432
16.72397489899424
1.361070517779879
4.42849365311327
1.7779879079629788
46.36092724719906
7.301068798532909
3.384051118943236
1.4527636895039973
2.6361786870683974
1.1547608814006132
43.59580503739362
1.1232413536204475
6.136278976474971
1.5974669761311213
3.9385082667125135
0.9656437147196195
24.231353333906416
18.473308690793434
7.861256769534944
3.206395598727757
2.312387174417605
1.2421559357001632
19.297114530502306
22.320123785781828
3.7236023954841118
0.31662798360984556
7.9443537064099266
17.054929940685977
1.737872145333677
3.570302874007851
0.6891314937390756
33.01670534972349
5.130519499126049
2.8023725608183616
3.329608298232041
0.34958021719820054
2.295194704719333
40.53841084271755
