36.77899080202871
40.91091435284679
11.693744806441446
46.054328204246545
53.99151838161552
7.918565001862518
16.761225250007165
26.337430871944754
31.39918049227772
22.131006619100834
37.811971689733234
44.67893062838477
16.191008338347803
20.830109745264906
5.538840654460013
44.95974096678988
53.77661251038711
17.8730049571621
11.218086478122583
15.050574515029083
8.1764520473366
27.22570847302215
18.662425857474428
65.4932806097596
11.332702942777729
16.377260093412417
5.621937591334995
8.527464970342988
25.57952949941259
21.556491590016904
63.3943666007622
13.721023525029372
10.285394996991318
9.124903292357947
20.244133069715463
30.685692999799418
17.99621765666638
16.845754892690334
47.56869824350268
10.510329808877044
14.733946531419239
10.438694518467578
26.086707355511617
45.1717814264019
11.70520645290696
3.0631250179088227
12.872861686581277
54.00871085131379
24.60815496146021
60.33983781770252
66.53915584973782
55.25516490443852
52.95997019971919
62.93016991890885
71.00919797128857
56.01879710020344
19.3114415885842
4.990114329923494
29.320324364594974
45.97696209060432
10.67365827101063
5.521648184761741
22.480586836299036
29.612596349465605
26.65692426717098
23.18834350554457
61.74962033296083
13.913006103326742
11.066219662454511
5.265193845095848
7.491618671022092
26.12825582394911
60.036104186366366
8.239491102896931
8.32831886300467
6.064643686065503
11.4845697584458
29.41918106536004
42.70752743631623
36.43227599644689
12.845640276225682
8.55038826327402
7.1004899853864005
8.656408493080031
48.82947935470931
33.690077079572475
9.781082552508668
2.982893492650219
12.235307601937018
28.423450528668443
23.37029714318462
10.65503309550417
27.834608441502624
44.51703487205937
11.454482936473823
9.212298346657498
9.60342703229319
3.176308776755781
30.39628642654517
54.080346141723254
