50.189117166680994
41.231840453881205
11.977420556462937
49.520043554256574
48.45697584458007
7.480157024556577
16.68385913636494
27.656952921287143
36.621393163127884
37.39362159374194
53.89266168085045
42.11008911430127
16.278403392647352
21.43471159632081
5.783833347660392
46.78787357803949
76.50075933407834
18.484770337258947
11.294019885956617
14.215307028854696
8.094787816269807
36.15003295223359
40.97968423163987
66.08212269692541
12.092037021118083
16.75119630934984
8.322588039771913
10.834121321527837
27.906243731912088
47.508524599558726
66.9317172411817
14.546262070546433
11.198028596807932
11.278260122066534
20.58081893463996
48.95412476002178
21.618097939769047
35.479526634000976
55.08753832488037
10.448723459124903
16.070661050459897
10.45731969397404
44.44110146422533
45.86950915499011
11.710937276139717
6.110490271927562
16.630849021461934
72.21410355597581
43.11155047422562
64.18378750107453
66.67383019570762
56.669245537121405
54.081778847531446
63.0992292042752
71.06650620361616
56.08040344995558
22.835897876729994
7.950084529642683
48.147511390011175
43.22473423307258
10.695148858133471
6.067509097681882
22.99206280982263
48.964153700679105
29.615461761081978
41.99117453222156
72.46196166079257
13.96458351242156
11.675119630934985
5.311040430957907
8.632052494340812
37.531161351328116
64.63938794807873
8.02171982005215
8.932920714060574
6.02882604086077
11.877131149889681
48.77790194561449
59.49024327344623
33.7416544886673
13.44021318662426
8.824035072638184
8.775323075159747
9.090518352961404
66.56924267170979
31.89632940771942
9.816900197713402
3.2622711252471417
12.249634660018911
29.356142009799708
42.66884437949511
11.050459898564428
47.01137568411703
43.57717986188716
11.468809994555718
9.722341614372905
10.362761110633542
3.3854838247514256
48.931201467090744
52.52586033983781
