34.144244820768506
29.497979884810455
7.311097739190235
3.588928049514313
17.24977793059973
4.435657182154216
13.880053869738388
9.755293847961259
0.587409381357632
0.021490587122840195
8.127740049858161
2.3295796441158774
16.398750680535258
14.418751253617582
0.5114759735235966
0.4598985644287802
13.504684947992779
0.8281039571334423
9.48881056763804
9.387088455256599
1.9871629559586232
0.7593340783403536
0.2249348118857274
5.12765408750967
0.7750938422304364
12.874294392389466
1.1576262930169918
1.3925900455600448
0.26791598613140777
0.10602022980601164
12.672282873434767
3.306685005301011
6.046018510559041
4.3683200091693175
15.231095446860943
1.1332702942777728
0.3538783346227686
0.051577409094816465
12.157941488294794
5.599014298403966
7.174990687412247
0.6647754949998568
0.10028940657325425
16.993323590933837
9.93008395656036
2.5244276340296286
6.518811427261525
7.518840081377689
0.1790882260236683
49.820911773976334
56.40132955099
32.78460700879681
30.005157740909482
50.81234419324336
65.1952778016562
48.28075303017278
14.090661623542221
2.2651078827473565
1.0516060632109803
37.13430184245967
13.705263761139289
0.6461503194933952
14.311298318003383
1.2106364079199978
2.74076621106622
0.9169317172411817
36.22596636006762
8.640648729189948
7.226568096507063
1.1361357058941517
1.3596378119716896
0.26934869193959715
14.367173844522766
6.387002492908106
9.672196911086278
0.7063239634373478
0.5974383220149575
0.26934869193959715
13.80841857932892
1.4541963953121866
13.410126364652283
0.959912891486862
0.587409381357632
0.23639645835124215
7.872718416000459
4.455715063468867
0.9269606578985071
0.21204045961202328
6.199318032035301
18.72259950141838
2.319550703458552
1.4212441617238316
0.1977134015301298
12.649359580503738
13.45454024470615
0.4126192727585317
1.3424453422734175
0.21777128284478064
1.1848477033725895
11.698042923866012
