62.57056076105333
45.491274821628124
12.549070173930485
58.72231296025674
65.40302014384366
11.632138456689303
22.31582566835726
34.6557207942921
45.902461388578466
53.154818189632934
65.30129803146222
52.83819020602309
26.184131350468494
29.727212814120747
8.955844006991605
53.27803088913723
81.29029485085533
22.317258374165448
16.99189088512565
25.291555631966535
11.66365798446947
39.83065417347202
55.15917361528984
71.4218172440471
14.576348892518409
27.389036935155737
17.287028281612653
16.076391873692657
32.12986045445428
57.80538124301556
73.24135362044758
16.92455371214075
21.222671136708787
16.825697011375684
28.67417404510158
57.99306570388837
34.70300008596235
61.32840482535317
61.622109516031976
15.52050202011519
25.143986933723028
15.721080833261697
45.80790280523797
52.995787844923925
17.044901000028652
13.470300008596233
18.168142353649102
76.94776354623342
47.84521046448322
69.48193357975873
74.0064185220207
68.86013925900455
63.21384566893035
65.64944554285223
72.86741740451016
57.199346686151465
27.977879022321556
11.927275853176308
53.00295137396487
48.58735207312531
20.12808389925213
9.109143528467865
29.89913751110347
53.16914524771483
37.37356371242729
52.25078082466547
77.96355196423967
19.395971231267374
20.688271870254162
15.026218516289866
18.403106106192155
40.207455801025816
70.845869509155
12.885756038854982
18.761282558239493
9.632081148456976
16.06922834465171
59.25671222671137
70.22837330582539
40.10859910026075
23.161122095188976
20.358749534370613
15.265480386257485
15.016189575632541
72.7542336456632
33.73019284220178
18.35152869709734
9.49024327344623
18.540645863778334
36.991031261640735
54.116163786928
18.75698444081492
49.47849508581908
54.26373248517149
19.930370497722
16.672397489899424
17.71397461245308
9.222327287314823
54.631937877876155
55.10759620619502
