50.189117166680994
41.034127052351074
11.802630447863836
54.63050517206797
55.30530960772515
9.518897389610018
17.264104988681623
29.21430413478896
40.49399696266369
29.944984096965527
47.31367660964498
45.87523997822287
24.66116507636322
24.016447462678016
6.805352588899395
49.21344451130405
73.13963150806615
15.120777099630361
16.208200808046076
19.501991461073384
9.958738072724147
37.2790051290868
38.80626952061664
59.76102467119402
13.278317430298864
25.149717756955788
10.709475916215364
10.872804378348949
28.912003209261012
47.59448694805008
62.59205134817617
14.963179460729533
18.219719762743917
13.572022120977678
21.83013839938107
53.30525229949282
18.583627038024012
27.407662110662194
46.74059428636924
15.000429811742459
21.407490185965212
12.806957219404566
43.28204246540015
48.40969655290983
15.490415198143213
9.018883062551936
15.683830482248776
73.94481217226854
36.40218917447491
64.32562537608527
69.80715779821772
64.7124559442964
58.23232757385598
64.7912547637468
71.57941488294793
56.083268861571966
24.707011662225277
7.962978881916387
49.91260494570045
43.12587753230751
17.835754606149173
7.723717011948766
24.565173787214533
48.47846643170291
27.244333648528613
38.79194246253475
65.73684059715178
16.840024069457577
17.38445227656953
9.123470586549757
10.857044614458868
37.92229003696381
66.21536433708702
10.93870884552566
13.617868706839737
7.372704088942377
12.878592509814036
54.15198143213272
55.61190865067766
28.84753144789249
21.04788102810969
14.242528439210291
9.981661365655176
10.104874065159459
69.64526204189232
29.732943637353504
17.395913923035046
3.2794635949454136
14.48608842660248
30.679962176566665
47.91827846070088
13.497521418951832
39.42090031232986
44.72191180263045
18.801398320868792
12.203788074156853
12.901515802745065
4.438522593770595
51.41551333849107
51.94418178171294
