34.144244820768506
30.857617696782143
11.339866471818677
22.16109344107281
49.494254849709165
9.13923035043984
17.050631823261412
21.423249949855297
20.552164818476175
0.9928651250752171
23.54222184016734
36.62282586893607
24.042236167225422
21.709791111493164
4.651995759190807
33.61414367173845
44.93395226224247
10.557609100547294
15.158027450643285
17.295624516461793
7.544628785925098
20.691137281870542
4.504427060947306
54.700707756669246
10.74099544399553
24.537952376858936
9.7094472620992
8.2437892203215
19.07074701280839
15.612195191839307
52.39691681710078
14.103555975815926
10.958766726840311
11.576262930169918
20.769936101320955
29.506576119659588
2.775151150462764
0.7607667841485429
37.794779220034954
11.627840339264734
19.9432648499957
9.286799048683344
17.918851543024157
40.13152239319178
12.635032522421847
6.371242729018023
9.07619129487951
39.66589300553024
1.319522049342388
61.39717470414625
67.38731768818592
61.388578469297116
54.38981059629215
63.91730422075131
70.69400269348692
53.98578755838276
23.284334794693258
5.50159030344709
36.055474368893094
41.83214418751254
17.78417719705436
5.835410756755207
23.23705550302301
21.192584314736813
8.589071320095131
3.895527092466833
50.44700421215508
16.294163156537437
16.893034184360584
8.695091549901143
9.248115991862232
25.005014470328664
58.03318146651767
11.844178916301326
13.341356485859194
6.581850482821857
11.169374480644144
42.263388635777524
32.70294277773002
24.718473308690793
20.31863377174131
13.466001891171667
8.732341900914067
4.389810596292158
52.42700363907276
30.00802315252586
17.318547809392822
3.2637038310553312
13.342789191667384
28.5910771082266
35.02679159861314
10.240981116937448
2.95997019971919
40.3707842631594
17.725436258918595
11.59345539986819
11.534714461732428
3.2909252414109287
23.792945356600477
52.24218458981633
