59.159288231754495
42.96827989340669
12.180864781225823
60.52608957276713
58.27244333648529
9.940112897217686
18.461847044327918
31.54101836728846
42.30923522163959
51.78085331957936
64.8600246425399
51.19630934983811
17.192469698272156
24.81303189203129
6.849766468953265
49.686237428006535
83.14851428407691
22.235594143098655
11.497464110719505
18.311412934468034
8.712284019599416
38.69165305596149
54.405570360182246
73.3445084386372
12.666552050202013
18.119430356170664
13.812716696753489
12.508954411301184
31.509498839508293
58.07616264076334
72.04504427060947
15.105017335740278
12.702369695406745
12.339895125934842
26.146880999455576
55.96148886787587
29.74297257801083
60.31977993638786
64.72391759076191
10.647869566463223
18.095074357431447
12.212384309005989
45.955471503481476
51.22639617181009
11.72812974583799
7.8111120662483176
18.443221868821453
76.65262614974641
47.6460643571449
67.29132639903722
68.43462563397232
59.378492220407466
56.8440356457205
63.93019857302501
71.96911086277544
56.696466947477006
24.384652855382676
9.346972692627297
50.79371901773689
46.55434253130462
12.007507378434912
6.462935900742142
26.48929768761283
52.96426831714376
33.47087309091951
51.08742370841571
79.93065703888364
14.325625376085274
15.427376142582883
11.554772343047079
14.33708702255079
38.60425800166194
69.31717241181697
8.619158142067109
11.173672598068713
6.917103641938165
13.470300008596233
54.94999856729419
70.40746153184905
40.134387804808156
14.822774291526978
17.080718645233386
11.680850454167741
13.15367202498639
70.12235307601938
34.74311584859165
10.296856643456833
5.846872403220723
15.754033066850054
33.70870225507894
50.58454396974126
14.129344680363335
49.441244734806155
51.51293733344795
11.822688329178487
14.22533596951202
13.577752944210436
6.7509097681882
52.643342216109346
55.215049141809224
