58.01742170262758
42.988337774721344
12.180864781225823
60.52608957276713
58.27244333648529
9.940112897217686
18.960428665577812
31.316083555402734
40.731826126823115
51.19774205564629
66.21536433708702
51.81237284735952
17.189604286655776
24.46058626321671
6.931430700020059
50.620361614945985
83.45511332702942
22.40608613427319
11.50606034556864
18.202527293045645
8.712284019599416
38.979626923407544
54.91131551047308
73.41471102323848
12.657955815352876
18.117997650362476
13.659417175277227
12.518983351958509
31.621249892547066
58.119143815009025
72.08086191581421
15.079228631192871
12.693773460557608
12.335597008510273
26.149746411071952
55.85117052064529
29.721481990887995
60.18510559041806
64.71675406172098
10.652167683887791
18.092208945815067
12.20808619158142
45.91535574085217
51.068798532909256
11.72812974583799
7.838333476603915
18.447519986246025
76.68987650075934
47.66182412103498
67.38301957076133
68.43605833978052
59.438665864351414
56.93286340582825
64.02045903894094
71.94045674661164
56.679274477778726
24.39897991346457
9.341241869394539
50.76936301899768
46.54144817903092
12.007507378434912
6.462935900742142
26.484999570188254
52.98719161007479
33.42932462248202
51.02438465285538
79.85185821943323
14.299836671537866
15.480386257485886
11.511791168801398
14.338519728358978
38.57990200292272
69.30284535373507
8.61486002464254
11.15648012837044
6.914238230321786
13.468867302788045
54.958594802143324
70.41462506089
40.12006074672627
14.83566864380068
17.07355511619244
11.680850454167741
13.155104730794578
70.06791025530818
34.76030831828992
10.288260408607696
5.8382761683715865
15.804177770136679
33.715865784119885
50.53296656064644
14.132210091979713
49.45557179288805
51.620390269062156
11.821255623370297
14.229634086936588
13.576320238402245
6.752342473996389
52.71927562394338
55.278088197369556
