34.144244820768506
29.497979884810455
7.311097739190235
3.588928049514313
17.24977793059973
4.435657182154216
13.880053869738388
9.471618097939768
0.5587552651938451
0.021490587122840195
6.811083412132153
1.2679446402475716
9.97593054242242
4.811026103899825
0.2349637525430528
0.09169317172411817
2.6089572767128
0.10888564142239032
6.200750737843491
3.7952376858935786
0.11604917046333706
0.0401157626293017
0.09742399495687555
0.6146307917132297
0.30230092552795207
0.0558755265193845
0.15043410985988137
1.1146451187713116
0.060173643943952554
0.021490587122840195
0.13753975758617726
0.07879881945041406
0.060173643943952554
0.5301011490300582
0.20487693057107656
0.008596234849136079
0.060173643943952554
0.03151952778016562
4.637668701108915
0.3667726868964727
0.12321269950428379
0.38396515659474484
0.02865411616378693
0.05301011490300582
0.030086821971976277
0.030086821971976277
0.061606349752141895
0.3825324507865555
0.034384939396544315
35.240264764033356
39.47820854465744
22.747070116622254
20.655319636665805
35.52823863147941
43.018424596693315
38.26470672512106
2.0989140089973923
0.36104186366371527
0.051577409094816465
19.001977134015302
3.9671623828763
0.2134731654202126
1.0315481818963295
0.14040516920255594
0.16762657955815352
0.2650505745150291
9.007421416086421
2.581735866357202
0.09599128914868621
0.07163529040946733
0.12607811112066247
0.018625175506461505
2.6791598613140777
0.7192183157110519
0.7750938422304364
0.011461646465514772
0.09312587753230751
0.048711997478437775
7.660677956388436
0.11318375884695837
0.017192469698272157
0.017192469698272157
0.034384939396544315
0.018625175506461505
0.3395512765408751
0.6805352588899395
0.8753832488036908
0.15329952147626005
3.027307372704089
5.5130519499126045
0.03725035101292301
0.024355998739218888
0.07450070202584602
1.7923149660448723
0.02865411616378693
0.014327058081893464
0.03581764520473366
0.034384939396544315
0.5014470328662712
0.4699275050861056
