34.144244820768506
29.497979884810455
7.311097739190235
3.588928049514313
17.24977793059973
4.435657182154216
13.880053869738388
9.471618097939768
0.5587552651938451
0.021490587122840195
6.811083412132153
1.2679446402475716
9.97593054242242
4.811026103899825
0.2349637525430528
0.09169317172411817
2.6089572767128
0.10888564142239032
6.200750737843491
3.7952376858935786
0.11604917046333706
0.0401157626293017
0.09742399495687555
0.6146307917132297
0.30230092552795207
0.0558755265193845
0.15043410985988137
1.1146451187713116
0.060173643943952554
0.021490587122840195
0.13753975758617726
0.07879881945041406
0.060173643943952554
0.5301011490300582
0.20487693057107656
0.008596234849136079
0.060173643943952554
0.03151952778016562
4.637668701108915
0.3667726868964727
0.12321269950428379
0.38396515659474484
0.02865411616378693
0.05301011490300582
0.030086821971976277
0.030086821971976277
0.061606349752141895
0.3825324507865555
0.034384939396544315
35.240264764033356
39.47820854465744
22.747070116622254
20.655319636665805
35.546863806985876
44.20183959425771
39.28479326055188
2.2694060001719247
0.4398406831141293
0.08739505429955013
19.38021146737729
3.978624029341815
0.22063669446115933
6.352617553511562
0.15616493309263876
0.19341528410556177
0.2664832803232184
13.097796498467003
2.65337115676667
0.11461646465514772
0.0830969368749821
0.1547322272844494
0.02865411616378693
6.31393449669045
0.7493051376830282
0.732112667984756
0.032952233588354966
0.13753975758617726
0.04727929167024843
8.362703802401215
0.22780022350210608
0.060173643943952554
0.061606349752141895
0.06303905556033124
0.04727929167024843
0.8882776010773948
1.7550646150319493
2.2135304736525403
0.17049199117453223
3.15625089544113
8.106249462735322
0.14327058081893465
0.030086821971976277
0.0773661136422247
2.408378463566291
0.032952233588354966
0.04441388005386974
0.0587409381357632
0.051577409094816465
0.43840797730594006
6.00590274792974
