59.20370211180837
42.753374022178285
12.094902432734463
56.679274477778726
55.42422418980486
8.2437892203215
19.123757127711396
30.9708014556291
41.84074042236167
52.22069400269349
64.68380182813262
50.09312587753231
16.990458179317457
24.073755695005588
6.838304822487751
50.11604917046334
82.94077194188945
22.103785208745236
11.504627639760452
17.772715550588842
8.706553196366658
38.63434482363392
54.00584543969741
72.83303246511362
12.596349465600735
17.9532364824207
13.527608240923808
12.36138571305768
31.30175649732084
57.55752313819881
73.22845926817388
14.954583225880397
12.337029714318462
12.213817014814179
26.065216768388776
55.34829078197083
29.721481990887995
59.95443995529958
64.61933006676409
10.65646580131236
18.09077624000688
12.215249720622367
45.91678844666036
50.994297830883404
11.72812974583799
7.832602653371157
18.444654574629645
76.59245250580246
47.759248115991866
67.25121063640792
68.43032751654775
59.39998280753031
56.8984784664317
63.84280351872547
71.92756239433795
56.6706782429296
24.407576148313705
9.345539986819107
50.796584429353274
46.45548583053956
12.003209261010344
6.462935900742142
26.48929768761283
53.06312501790882
33.42072838763288
50.989999713458836
79.85042551362504
14.331356199318032
15.471790022636753
11.554772343047079
14.329923493509844
38.58993094358005
69.20255594716181
8.596234849136078
11.173672598068713
6.914238230321786
13.468867302788045
54.97292186022522
70.44614458867017
40.171638155821086
14.834235937992494
17.079285939425198
11.672254219318605
13.150806613370012
70.04785237399352
34.69870196853778
10.289693114415886
5.844006991604344
15.799879652712113
33.7144330783117
50.60746726267228
14.145104444253418
49.49568755551735
51.46565804177771
11.804063153672024
14.22390326370383
13.576320238402245
6.753775179804579
52.68775609616322
55.25229949282215
