100,0.05763652415184765,0.002585445831756842
200,0.03487198890150082,0.0002522386177323748
400,0.019233194602093582,0.0002522386177323748
600,0.016080211880438896,0.0006305965443309371
800,0.010594021944759743,6.30596544330937e-05
1000,0.009585067473830243,0.00018917896329928113
1200,0.008386934039601463,0.00044141758103165594
1400,0.007630218186404338,0.0
1600,0.013494766048682053,0.03651153991676125
1800,0.0033421616849539666,0.0006936561987640308
2000,0.0008828351620633119,0.00018917896329928113
