89.24050632911393
77.21518987341773
63.29113924050633
49.36708860759494
46.20253164556962
57.59493670886076
44.303797468354425
67.08860759493672
56.9620253164557
53.16455696202531
49.36708860759494
55.06329113924051
45.56962025316456
40.50632911392405
47.46835443037975
47.46835443037975
41.77215189873418
46.20253164556962
51.89873417721519
45.56962025316456
35.44303797468354
44.936708860759495
46.20253164556962
46.20253164556962
41.77215189873418
61.39240506329114
61.39240506329114
53.79746835443038
55.06329113924051
54.43037974683544
65.82278481012658
58.22784810126582
75.9493670886076
60.75949367088608
55.69620253164557
52.53164556962025
56.9620253164557
61.39240506329114
39.24050632911392
56.9620253164557
50.0
51.89873417721519
45.56962025316456
55.06329113924051
56.9620253164557
55.06329113924051
61.39240506329114
58.22784810126582
53.79746835443038
52.53164556962025
53.16455696202531
54.43037974683544
70.25316455696202
65.18987341772153
68.35443037974683
53.79746835443038
41.139240506329116
85.44303797468355
62.65822784810127
86.70886075949366
100.0
99.36708860759494
91.77215189873418
66.45569620253164
59.49367088607595
60.75949367088608
51.26582278481012
52.53164556962025
74.68354430379746
55.06329113924051
80.37974683544303
68.35443037974683
74.68354430379746
52.53164556962025
61.39240506329114
59.49367088607595
67.72151898734177
54.43037974683544
66.45569620253164
68.9873417721519
64.55696202531645
72.78481012658227
63.29113924050633
71.51898734177216
23.417721518987342
60.75949367088608
29.746835443037973
15.18987341772152
10.759493670886076
13.924050632911392
8.227848101265822
13.291139240506327
1.89873417721519
5.69620253164557
5.69620253164557
9.49367088607595
18.354430379746837
7.59493670886076
15.18987341772152
2.5316455696202533
