200,55.59234880809731,44.40765119190268
65736,38.41166610080122,61.58833389919878
131272,36.61135008007068,63.38864991992932
196808,35.867114636275225,64.13288536372477
262344,33.940033237755344,66.05996676224464
327880,32.79563157638593,67.20436842361407
393416,31.099950267195037,68.90004973280496
458952,29.0605452984645,70.9394547015355
524488,27.700394838731228,72.29960516126877
590024,26.48728300212207,73.51271699787793
655560,25.499768614309282,74.50023138569073
721096,24.4581730407881,75.5418269592119
786632,23.442322185064203,76.5576778149358
852168,22.462928614274727,77.53707138572527
917704,21.54246856135119,78.45753143864881
983240,20.596738944817897,79.4032610551821
1048776,19.65862619389689,80.3413738061031
1114312,18.61808171903298,81.38191828096703
1179848,17.67708924576328,82.32291075423672
1245384,17.29346703308254,82.70653296691745
