200,57.89642905789595,42.10357094210405
65736,38.439829785371415,61.560170214628585
131272,37.39489373392575,62.60510626607425
196808,36.026694450227886,63.97330554977211
262344,34.61193005615171,65.3880699438483
327880,33.63291084926755,66.36708915073244
393416,32.19411517219156,67.80588482780844
458952,29.239678427164765,70.76032157283524
524488,27.629870438411807,72.37012956158819
590024,26.472337243132365,73.52766275686763
655560,25.508206200790944,74.49179379920906
721096,24.46208946318232,75.53791053681769
786632,23.440536757208015,76.55946324279198
852168,22.463576551803182,77.53642344819683
917704,21.543706841961125,78.45629315803887
983240,20.599402687990434,79.40059731200957
1048776,19.655847261830402,80.3441527381696
1114312,18.619406391313376,81.38059360868662
1179848,17.678269931926245,82.32173006807376
1245384,17.29346703308254,82.70653296691745
