200,55.56350838877518,44.43649161122481
65736,38.33310727512897,61.66689272487103
131272,36.465016988921995,63.534983011078005
196808,36.130839608968266,63.86916039103174
262344,34.6638226528751,65.3361773471249
327880,33.6833923820401,66.31660761795992
393416,32.32099573887484,67.67900426112516
458952,29.256452809845886,70.7435471901541
524488,27.618365947628792,72.3816340523712
590024,26.465771476177352,73.53422852382265
655560,25.5040162047736,74.4959837952264
721096,24.455739675403457,75.54426032459655
786632,23.435612431991757,76.56438756800824
852168,22.459501744679784,77.54049825532022
917704,21.538696125074406,78.46130387492559
983240,20.592419361294862,79.40758063870513
1048776,19.655487296536815,80.34451270346318
1114312,18.619190412137225,81.38080958786279
1179848,17.678269931926245,82.32173006807376
1245384,17.29346703308254,82.70653296691745
