20.30496321147284
10.966004809146018
4.623403550704813
7.9566888885689195
3.553584541619271
16.385653194338452
48.47734373875106
64.97386646700551
79.7339131186016
78.2681314883875
31.108263379936936
51.08925717412276
60.00921513009172
67.20565578609379
63.873810312306524
63.53400239017437
82.33430764135865
82.84545938863371
79.9599717786641
77.9772789448676
58.10859454867461
73.96581762681603
74.9175677816014
66.35757584484024
77.2328692171459
80.20474867172538
72.89599861773048
83.70361837842508
80.9592374479849
52.231069387049864
0.9157535528646096
1.1979669119235143
0.4247599026651884
0.2807734949820737
0.7890455141034687
0.24477689306129502
0.4593166405091359
0.05615469899641473
0.0
0.0
0.0
0.017278368921973767
0.002879728153662294
0.004319592230493442
0.007199320384155736
0.0
0.15694518437459504
0.023037825229298352
0.001439864076831147
0.0
0.0
0.0
0.0
0.004319592230493442
0.0
0.0
0.0
0.001439864076831147
0.004319592230493442
0.001439864076831147
0.34988697066996877
0.2476566212149573
0.38732343666757857
0.11518912614649178
0.2620552619832688
0.19006205814171143
0.23037825229298356
0.13534722322212783
0.11230939799282946
0.17278368921973764
0.6594577471886653
0.07775266014888194
0.2289383882161524
0.42619976674201954
0.12238844653064751
0.20302083483319175
0.1310276309916344
0.19294178629537373
0.097910757224518
0.05759456307324589
0.08639184460986882
0.11806885430015407
0.195821514449036
0.18430260183438682
0.14398640768311471
0.09215130091719341
0.11662899022332292
0.15694518437459504
0.22029920375516554
0.381563980360254
0.18142287368072454
0.08495198053303768
0.10942966983916717
0.07199320384155736
0.15118572806727043
0.06335401938057048
0.16270464068191962
0.31245050467235896
1.7091186591985714
0.05471483491958359
