67.4
54.2
55.7
55.00000000000001
56.2
54.2
54.300000000000004
55.60000000000001
53.400000000000006
54.300000000000004
54.300000000000004
56.00000000000001
53.5
55.00000000000001
55.50000000000001
55.7
54.400000000000006
53.5
55.2
55.300000000000004
54.1
54.800000000000004
55.800000000000004
55.2
55.00000000000001
55.60000000000001
54.400000000000006
56.10000000000001
55.00000000000001
54.50000000000001
52.7
54.300000000000004
55.50000000000001
55.400000000000006
54.800000000000004
54.50000000000001
54.900000000000006
54.400000000000006
56.699999999999996
55.1
54.1
54.2
55.300000000000004
54.900000000000006
54.6
54.6
57.3
56.10000000000001
57.4
54.50000000000001
53.7
55.7
55.1
57.199999999999996
54.800000000000004
54.400000000000006
53.900000000000006
54.2
55.1
54.7
55.60000000000001
56.99999999999999
55.00000000000001
56.599999999999994
55.1
56.699999999999996
53.900000000000006
55.1
54.400000000000006
55.300000000000004
56.2
55.50000000000001
54.900000000000006
54.6
54.900000000000006
55.2
54.7
54.900000000000006
53.300000000000004
53.800000000000004
53.5
54.900000000000006
55.300000000000004
54.50000000000001
55.1
56.3
55.900000000000006
56.699999999999996
55.800000000000004
53.800000000000004
53.0
54.7
56.2
54.7
53.7
54.6
55.50000000000001
55.50000000000001
54.50000000000001
