59.199999999999996
47.099999999999994
47.9
49.1
48.3
48.4
49.1
48.5
47.8
48.5
48.699999999999996
47.5
49.2
47.8
48.6
48.9
48.4
47.0
49.0
48.3
48.0
48.8
48.3
48.699999999999996
47.8
47.599999999999994
48.5
48.4
49.1
47.9
48.6
48.199999999999996
48.8
47.8
48.8
48.699999999999996
48.0
48.6
47.9
48.9
48.5
47.8
48.9
48.0
48.6
48.3
48.3
48.699999999999996
48.9
48.4
48.3
47.8
47.699999999999996
48.1
48.1
48.4
47.9
46.9
47.8
47.099999999999994
48.6
47.699999999999996
48.4
48.199999999999996
47.9
47.9
48.8
48.3
47.599999999999994
48.6
48.8
47.8
48.0
48.3
47.8
48.199999999999996
48.8
49.2
48.9
48.699999999999996
47.8
48.4
48.8
48.4
47.199999999999996
48.5
48.5
48.4
48.3
48.5
48.5
47.599999999999994
48.4
48.0
48.1
47.599999999999994
47.8
48.5
48.199999999999996
8.3
48.6
48.5
