51.67885407506827
33.332947655852266
35.58453279029944
41.988707363354465
51.02628777710927
51.80612764381913
51.843152682001204
53.27440181422687
53.95473689082242
52.81621696672375
52.540843245244595
49.37983061045031
51.041329198870734
50.27421668903595
47.798167260609986
48.594205581524506
47.198824455037716
44.58046003609941
41.06886657101865
33.76683482204841
43.872356180867314
55.43226732077567
55.012264543897814
53.20845096496506
53.48960984866016
53.80663673809414
53.238533808487986
50.88628685148332
54.394409219234504
49.146110056926
48.058499560327675
48.61966029527468
48.77238857777572
49.7523950571574
50.034710973295695
44.431202850927946
43.59698245938816
32.3853380848799
48.543296154024155
54.04498542139121
51.131577729439535
50.43967232841209
52.33604850280001
53.43754338871663
52.40084231961865
50.376035544036654
54.68829545980469
48.672883787661405
49.76280834914611
49.32429305317721
49.86231313926042
50.99620493358634
45.83236913963067
44.22640810848336
39.20604433748323
35.05229786643218
51.70546582126163
54.96019808395427
52.67968713842737
52.168278798537514
53.97324940991345
53.11473133706669
52.17753505808302
50.152728282501045
53.042995325588926
51.335215439440915
51.040172166427546
51.972740315638454
48.64742907391123
45.77567454991438
45.8971629564493
41.15911510158745
35.62618595825427
37.8823992224742
52.25621326421993
55.711112139584394
55.998056185495436
53.02216874161152
52.9562178923497
52.36960244365252
51.42662100245291
48.288749016522424
52.28282501041329
47.348081640209195
47.49386772805109
46.76146619151201
47.6836210487342
44.09797750728931
30.834914611005694
33.396584440227706
26.49141481927153
37.25644467070857
42.1761466191512
40.43712685703707
43.59466839450178
42.320775674549914
35.37048178830934
31.34285185356597
26.602489933817747
28.174897024112553
