51.67885407506827
33.332947655852266
35.58453279029944
41.82093765909196
50.877030591937796
51.74017679455732
50.3818207062526
53.17721108899893
53.864488360253624
48.972555190447544
52.26778358865183
45.68658305178877
49.33586337760911
50.17702596380803
47.73800157356412
48.52478363493312
43.62937936779747
40.916138288517615
13.15083074929421
11.108668487064378
42.449206275743975
4.023001804970612
30.219373351228768
53.03258203360022
53.336881566159114
53.67126394224094
53.069607071782286
50.78909612625539
29.083167492016475
43.55995742120609
42.63664553154071
3.8957282362197434
0.30198546767251355
0.5866154486971814
0.430416068866571
1.5457953441014485
1.3051325959179896
2.0664599435368167
0.9626509927338363
1.3005044661452307
1.386124866941269
1.157032443189707
0.841162586198917
15.352663488684223
2.1867913176285465
1.8801777201832741
1.2495950386448835
1.9507566992178462
5.597722960151803
11.947517008376915
44.00772897672051
27.154394409219236
31.817235155273753
37.86620076826954
8.84551302818531
33.906835747674364
16.535150645624103
2.6079511269495996
27.184477252742166
2.1705928634238902
2.112741241264405
25.2476049428426
48.25172397834036
40.773823298005276
2.2932383024019996
1.295876336372472
2.4876197528578703
1.0957097237006526
14.167862266857965
1.1905863840422086
0.51372240477623
0.9753783496089231
1.7355486647845606
11.761234785023372
5.280696070717823
10.410977923820983
46.26394224094044
50.360994122275194
20.93187392974499
15.254315731013099
15.140926551580506
26.244966908872126
3.6365529689452494
1.9229879205812932
1.8790206877400843
1.8859628823992225
3.0950617855324665
3.304484657749803
1.6048039987041236
2.523487758596751
7.089137779423335
7.800712731985005
5.197389734808164
6.655250613227196
3.6539084555930947
11.73230897394363
1.3120747905771277
2.1624936363215626
9.486509001712408
1.5851344471698985
