200,70.14765945531919,29.85234054468081
65736,48.00155272675943,51.998447273240565
131272,47.20999761652971,52.790002383470295
196808,45.91131870700208,54.08868129299792
262344,44.80431246138431,55.19568753861569
327880,41.27519131398634,58.72480868601365
393416,38.84972104141453,61.15027895858547
458952,37.177971180835975,62.822028819164025
524488,33.551729404386975,66.44827059561302
590024,31.308721881414254,68.69127811858574
655560,28.673193827043363,71.32680617295664
721096,25.170302423040518,74.82969757695948
786632,22.32598931372254,77.67401068627746
852168,20.381829625841448,79.61817037415855
917704,18.71554092048234,81.28445907951766
983240,17.567923118041946,82.43207688195807
1048776,15.697338612450046,84.30266138754996
1114312,15.013895863174923,84.98610413682508
1179848,14.901571933364648,85.09842806663535
1245384,14.660008376856734,85.33999162314326
