51.67885407506827
33.332947655852266
35.58453279029944
41.82093765909196
50.877030591937796
51.74017679455732
50.382977738695786
53.243161938260755
53.92812514462906
52.78382005831443
52.31985004859536
48.93553015226547
51.01124635534781
50.23719165085389
47.79006803350766
48.56990790021752
46.996343777479524
44.55616235479243
41.0295274679502
33.52501504142176
43.77632248808256
51.81306983847828
52.78844818808719
53.14828527791919
53.41903086962559
53.72911556440042
53.157541537464716
50.836534456426165
52.20530383671959
45.477160179571435
44.25301985467672
44.67302263155459
45.170546582126164
46.3808025177026
49.24561484704031
41.28523163789512
40.950849261813296
31.641366223908918
40.7252279353913
53.056879714907204
48.48313046697829
48.3373443791364
52.23885777757208
53.2489471004767
52.245799972231225
46.6839450178183
43.292682926829265
48.542139121580966
49.61586522886102
49.267598463460914
49.761651316702924
36.25561160734947
43.64094969222937
41.75614384227334
30.536400240662747
34.65890683574768
40.22886101726292
38.16702920349886
51.92993011524043
52.038691164900264
53.84713287360577
52.91340769195168
52.064145878650436
48.89040588698107
46.017494330541034
47.82246494191697
50.87587355949461
51.88364881751284
48.537510991808205
39.37497107418892
43.495163604387464
38.50488267691026
35.14717452677373
32.04401351413894
40.43596982459388
46.585597260147175
53.996390058777244
52.91340769195168
52.87291155644004
52.1925764798445
51.32364511500902
47.16411348174203
44.58740223075855
43.539130837228676
43.79599203961679
46.333364187531814
44.34442541768871
38.798768917480444
31.335909658906836
28.968621280140695
22.748414865552828
35.998750404961356
38.70736335446846
31.59392789373814
41.96325264960429
35.48039987041236
33.60253621511547
29.53093904753089
25.199009580228633
26.019345582450132
