51.67885407506827
33.332947655852266
35.58453279029944
41.82093765909196
50.877030591937796
51.74017679455732
50.3818207062526
53.17721108899893
53.864488360253624
48.972555190447544
52.26778358865183
45.68658305178877
49.33586337760911
50.17702596380803
47.73800157356412
48.52478363493312
43.62937936779747
40.916138288517615
13.15083074929421
11.108668487064378
42.449206275743975
4.023001804970612
30.219373351228768
53.03258203360022
53.336881566159114
53.67126394224094
53.069607071782286
50.78909612625539
29.083167492016475
46.467579950941825
36.11213958439395
0.27074559170639145
0.30198546767251355
0.5912435784699404
0.4315731013097607
1.5457953441014485
1.3051325959179896
2.073402138195955
0.9823205442680613
1.2970333688156614
1.3884389318276484
1.1558754107465172
0.841162586198917
15.351506456241031
2.187948350071736
1.8801777201832741
1.2495950386448835
1.9495996667746565
5.597722960151803
11.946359975933724
43.27648447262461
28.38431989632989
35.230480862683386
37.869671865599116
8.80848799000324
33.8466700606285
16.530522515851345
2.6079511269495996
27.191419447401305
2.1821631878557874
2.1300967279122505
25.359837089832
48.263294302772245
40.60836765862915
1.6753829777386957
1.1061230156893598
2.3742305734252787
1.0957097237006526
14.157448974869254
1.1547183783033277
0.5079372425602814
1.0957097237006526
1.7772018327393901
13.883232285833294
5.890452168278799
12.755125653723331
48.613875133058734
50.382977738695786
43.62128014069515
15.331836904706808
16.773499328921183
30.01573564122738
1.291248206599713
1.9657981209793123
1.8200120331374092
1.8755495904105153
1.6834822048410236
1.8894339797287916
1.5770352200675706
2.064145878650437
6.216735317258296
8.469477484148657
1.6776970426250752
1.0968667561438423
4.6026750590086545
2.242328874901652
1.220669227565141
1.548109408987828
8.448650900171241
1.533067987226362
