51.67885407506827
33.332947655852266
35.58453279029944
41.988707363354465
51.02628777710927
51.80728467626232
51.84430971444439
53.27555884667006
53.95473689082242
52.822002128939694
52.54315731013097
49.390243902439025
51.05405655574582
50.284629981024665
47.80163835793956
48.60230480862683
47.23584949321979
44.608228814735966
43.32045170546582
35.400564631832275
43.88855463507197
55.60929328458371
54.97523950571575
53.1818392187717
53.465312167353176
53.78581015411672
53.230434581385666
50.88512981904013
54.293747396677006
49.05933262368677
48.02957374924793
48.634701717036144
48.76197528578701
49.77206460869163
49.88429675568103
44.38723561808673
43.51830425325126
32.405007636414126
48.64974313879761
53.96746424769751
51.151247280973756
50.459341879946315
52.3383625676864
53.40167538297774
52.44133845513028
50.695376498357014
54.53325311241727
48.66131346322951
49.737353635395934
49.31040866385894
49.84611468505577
51.13851992409867
45.82079881519878
44.178969778312585
39.150506780210115
35.26172073864951
52.278196880640536
54.90350349423798
52.61026519183598
52.11736937103716
53.923497014856295
53.119359466839455
52.21571712870829
51.347942796316005
55.37788679594576
51.32364511500902
51.04827139352987
51.971583283195265
48.65321423612718
50.39454806312769
46.10427176378026
43.74508261211644
35.746517332346
38.20521127412413
55.28069607071783
56.910954783172116
56.28615726384968
53.0244828064979
52.9677882167816
52.41125561160735
51.44513352154394
49.00958022862961
54.53672420974684
47.33882538066367
47.47651224140325
46.747581802193736
50.929097051881335
46.83551626787615
35.718748553709446
35.679409450640996
31.814921090387376
39.01629101680011
45.78030267968714
48.36858425510251
44.13153144814181
44.95996667746564
41.16258619891702
34.779238209839406
27.91225065950849
26.293562271486092
