51.67885407506827
33.332947655852266
35.58453279029944
41.82093765909196
50.877030591937796
51.74017679455732
50.3818207062526
53.17721108899893
53.864488360253624
48.972555190447544
52.26778358865183
45.68658305178877
49.33586337760911
50.17702596380803
47.73800157356412
48.52478363493312
43.62937936779747
41.41134817420281
25.156199379830614
11.245198315360764
42.4688758272782
23.54213912158097
30.405655574582312
53.115888369509875
53.362336279909286
53.680520201786464
53.115888369509875
50.80760864534641
30.317721108899892
43.58194103762669
42.638959596427085
30.33391956310455
0.30429953255889297
0.5889295135835608
0.43388716619614015
1.559679733419725
1.3224880825658352
11.687184708659231
19.51103808950803
8.477576711250984
32.203683991299116
5.249456194751701
6.938723561808673
46.724441153329934
2.1983616420604433
1.8929050770583606
15.260100893229044
19.380293423427595
45.97237006525663
45.80807145832369
46.154024158837416
27.17174989586708
31.839218771694362
37.881242190031
8.858240385060396
33.95080298051557
16.701763317443422
2.6114222242791687
27.19836164206044
2.1729069283102698
2.116212338593974
28.924654047299487
48.29800527606794
41.12209006340537
4.237052806960707
11.810987180080529
16.857962697274033
1.1061230156893598
16.728375063636786
14.813486370157818
1.7864580922849076
1.1292636645531542
1.7714166705234415
12.018095987411487
14.17827555884667
12.006525662979591
48.02378858703198
51.34447169898644
50.21057990466053
40.02059517748878
31.820706252603326
35.91197297172213
7.275420002776878
1.9727403156384504
1.8963761743879297
1.9253019854676725
7.470958485675938
5.432267320775674
1.6291016800111076
12.524876197528577
7.403850603970935
7.836580737723886
6.256074420326746
9.44138473642801
28.8216781598556
11.982227981672606
1.6267876151247282
3.7441569861618924
10.774286110982551
8.7679918544916
