51.67885407506827
33.332947655852266
35.58453279029944
41.82093765909196
50.877030591937796
51.74017679455732
50.3818207062526
53.17721108899893
53.864488360253624
48.972555190447544
52.26778358865183
45.68658305178877
49.33586337760911
50.17702596380803
47.73800157356412
48.52594066737631
45.49914379599204
44.52029434905354
41.4229184986347
30.435738418105245
42.47234692460777
35.03031425001157
30.843013838108018
53.115888369509875
53.36349331235248
53.680520201786464
53.117045401953064
50.8087656777896
30.358217244411534
46.69435830980701
44.637154625815704
15.507705836071645
0.3031425001157032
0.5947146757995094
0.4489285879576063
1.5608367658629148
15.463738603230434
20.621789234970148
22.643124913222568
22.8189938445874
38.95728236219744
34.93890868699958
6.960707178229278
48.63585874947933
5.239042902762994
19.882445503771926
21.616837136113297
23.69949553385477
46.11699912065534
45.80807145832369
46.15171009395103
28.3947331883186
35.282547322626925
37.885870319803765
8.860554449946777
33.97394362937936
16.78506965335308
2.6114222242791687
27.193733512287682
2.1821631878557874
2.135881890128199
30.392928217707226
48.319988892488546
41.941269033183694
33.98319988892489
26.286620076826956
36.946359975933724
5.866154486971815
17.239783403526634
16.480770120794187
19.372194196325264
1.2171981302355719
12.390660434118573
21.518489378442172
18.823760818253344
18.92095154348128
49.795205257555416
51.73670569722775
50.664136622390885
48.10362382561207
47.022955523672884
41.11167677141667
1.369926412736613
2.069931040866386
1.8304253251261164
1.8894339797287916
6.3173971398158
27.231915582912947
8.217244411533299
16.58837413801083
8.152450594714676
23.61618919794511
11.838755958717083
1.2727356875086777
32.62831489794974
17.250196695515342
1.4856296570555838
10.494284259730643
14.788031656407647
10.415606053593743
