51.67885407506827
33.332947655852266
35.58453279029944
41.82093765909196
50.877030591937796
51.76678854075069
51.618688388022406
53.26398852223816
53.93506733928819
52.80233257740547
52.48067755819873
49.194705419539964
51.03554403665479
50.26496042949044
47.7970102281668
48.58032119220623
47.094691535150645
44.58855926320174
43.2556578886472
35.250150414217615
43.82607488313972
55.36631647151387
54.938214467533676
53.159855602351094
53.42944416161429
53.74184292127552
53.17721108899893
50.84694774841486
53.387790993659465
48.96677002823159
47.98560651640672
48.56296570555838
48.678668949877355
49.56726986624705
49.479335400564636
44.34442541768871
43.24177349932892
32.197898829083165
47.98907761373629
53.923497014856295
51.05637062063221
50.33206831119544
52.272411718424586
53.328782339056794
52.29670939973157
50.28231591613829
54.340028694404594
48.60346184107002
49.68065904567964
49.273383625676864
49.776692738464384
50.79719535335771
45.72129402508446
44.139630675244135
39.118109871800804
35.126347942796315
51.97621141296802
54.87573471560142
52.58943860785856
52.065302911093625
53.86101726292405
53.01522654695238
52.1474522145601
50.79603832091452
55.019206738556946
51.27504975239505
50.99504790114315
51.90331836904707
48.5837922895358
50.006942194659146
46.01402323321146
43.6941731846161
35.70486416439117
38.047854861850325
55.02846299810247
56.89359929652428
56.26880177720184
52.95390382746332
52.905308464849355
52.29439533484519
51.354884990975144
48.45304762345536
54.107465173323455
47.296015180265655
47.43138797611885
46.70014347202295
50.79256722358495
46.506919054010275
35.67593835331142
35.53593742768547
31.61359744527237
38.97579488128847
41.60688665710187
41.190354977553575
44.093349377516546
36.61660572962466
35.43527560512797
23.73767760448003
21.578655065488036
22.805109455269125
