51.67885407506827
33.332947655852266
35.58453279029944
41.82093765909196
50.877030591937796
51.74017679455732
50.3818207062526
53.17721108899893
53.864488360253624
48.972555190447544
52.26778358865183
45.68658305178877
49.33586337760911
50.17702596380803
47.73800157356412
48.52478363493312
43.62937936779747
40.916138288517615
13.15083074929421
11.108668487064378
42.449206275743975
4.023001804970612
30.219373351228768
53.027953903827466
53.324154209284025
53.65737955292267
53.061507844679966
50.779839866709864
26.290091174156522
30.8904521682788
0.343638635627343
0.27074559170639145
0.30198546767251355
0.5796732540380432
0.4176887119914843
1.5388531494423103
1.2727356875086777
2.0317489702411256
0.9406673763132318
1.2900911741565233
1.3849678344980794
1.1512472809737586
0.841162586198917
15.335308002036378
2.1729069283102698
1.8697644281945665
1.1547183783033277
1.9264590179108623
4.4765585227009765
2.6137362891655482
2.835886518257972
6.1403711760077755
31.66682093765909
37.85115934650808
8.735594946082289
31.99888924885454
2.5466284074605454
2.6033229971768406
2.4575369093349377
2.139352987457768
2.0872865275142316
25.207108807330957
48.23899662146526
40.58985513953811
1.6233165177951587
1.0690979775072893
2.3719165085388996
1.089924561484704
14.153977877539687
1.1362058592122923
0.5021520803443328
0.5600037025038183
1.3490998287591984
1.8489378442171518
1.528439857453603
0.8897579488128847
41.759614939602905
50.256861202388116
20.907576248438005
15.062248345443606
1.9634840560929328
3.493080945989725
1.2623223955199703
1.8709214606377564
1.8038135789327534
1.8350534548988753
1.6094321284768824
1.7691026056370622
1.5469523765446382
2.0444763271162123
1.3155458879066968
0.9684361549497847
2.2272874531401863
2.6380339704725317
1.2947193039292821
0.9452955060859907
1.2715786550654882
1.5805063173971396
9.060721062618596
1.4914148192715324
