51.67885407506827
33.332947655852266
35.58453279029944
41.82093765909196
50.877030591937796
51.74017679455732
50.382977738695786
53.243161938260755
53.92812514462906
52.787291155644
52.31985004859536
48.940158282038226
51.01124635534781
50.23950571574027
47.79122506595085
48.5722219651039
47.003285972138656
44.570046744110705
43.16888045540797
35.15527375387606
43.78557874762809
55.28995233026334
54.91738788355626
53.14828527791919
53.42365899939834
53.73258666173
53.157541537464716
50.833063359096585
45.18327393900125
48.34428657379553
47.79122506595085
48.39751006618226
48.53172582959226
47.655852270097654
46.429397880316564
43.55995742120609
37.93330864997454
31.546489563567366
41.84060721062618
53.226963484056085
48.47271717498959
48.33503031425001
52.23770074512889
53.244318970703944
52.246957004674414
49.540658120053685
52.58481047808581
48.556023510899244
49.632063683065674
49.259499236358586
49.755866154486974
48.65784236589994
44.97269403434072
44.08293608552784
39.0290183736752
34.6785763872819
47.11667515157125
54.40945064099597
52.579025315869856
52.04910445688897
53.845975841162584
52.944647567917805
52.064145878650436
50.52992085898088
53.532420049058175
51.23108251955385
50.97075021983617
51.88480584995603
48.5386680242514
49.23867265238117
44.87087517934003
42.48854537881242
35.62387189336789
37.42537140741427
52.67968713842737
55.57805340861758
56.2155782848151
52.905308464849355
52.860184199564955
52.19026241495811
51.33405840699773
48.06081362521405
52.0352200675707
47.16295644929884
47.40593326236868
46.67584579071597
47.75651409265515
43.45235340398945
23.867265238117277
29.173416022585275
19.887073633544684
34.59642708381543
35.46188735132133
28.30332762530661
43.08094598972555
35.784699402971256
24.85074281482853
22.685935113620587
21.415513490998286
22.43833017077799
