51.67885407506827
33.332947655852266
35.58453279029944
41.82093765909196
50.877030591937796
51.74017679455732
50.3818207062526
53.17721108899893
53.864488360253624
48.972555190447544
52.26778358865183
45.68658305178877
49.33586337760911
50.17702596380803
47.73800157356412
48.52478363493312
43.62937936779747
40.916138288517615
13.15083074929421
11.108668487064378
42.449206275743975
4.023001804970612
30.219373351228768
53.027953903827466
53.324154209284025
53.65737955292267
53.05919377979359
50.77752580182349
19.619799139167863
0.21752209931966493
0.34016753829777385
0.27074559170639145
0.30198546767251355
0.51372240477623
0.4142176146619151
1.5180265654648957
1.251909103531263
1.970426250752071
0.6768639792659786
1.2762067848382468
1.3456287314296294
1.1466191512009998
0.8400055537557273
15.304068126070256
2.1185264034803537
1.7887721571712871
1.0760401721664277
1.8720784930809462
4.429120192530198
2.5558846670060626
2.7664645716665897
1.3884389318276484
15.014810015272829
37.58735594946082
8.433609478409775
28.565973989910674
1.6533993613180913
2.2411718424584626
2.4297681306983847
2.117369371037164
2.0780302679687135
4.744990049520989
2.4737353635395936
1.9924098671726755
0.9557087980746981
0.9163696950062479
2.334891470356829
0.967279122506595
0.6710788170500301
0.38297773869579305
0.49405285324200493
0.5507474429583006
1.3329013745545424
1.8350534548988753
1.232239551997038
0.8874438839265053
0.726616374323136
40.513490998287594
20.81617068542602
12.816448373212385
1.7922432545008562
3.4340722913870505
1.251909103531263
1.8223260980237885
1.7853010598417178
1.8327393900124958
1.5943907067154164
1.4092655158050633
1.4798444948396354
1.9380293423427593
1.0228166797797011
0.9360392465404731
1.3317443421113528
0.3771925764798445
0.5380200860832138
0.2661174619336326
0.12033137409172953
0.10297588744388392
1.369926412736613
0.7208312121071875
