51.67885407506827
33.332947655852266
35.58453279029944
41.82093765909196
50.877030591937796
51.74017679455732
50.3818207062526
53.17721108899893
53.864488360253624
48.972555190447544
52.26778358865183
45.68658305178877
49.33586337760911
50.17702596380803
47.73800157356412
48.52594066737631
45.49914379599204
44.52029434905354
40.17100939510344
29.250937196278983
42.4804461517101
35.38205211274124
51.98199657518396
53.120516499282644
53.36349331235248
53.680520201786464
53.117045401953064
50.8087656777896
30.507474429583002
43.584255102513076
42.638959596427085
34.23543296154024
0.30429953255889297
0.5912435784699404
0.4477715555144166
1.5608367658629148
15.463738603230434
20.61369000786782
20.919146572869902
17.57416577960846
35.44221779978711
45.50608599065118
6.960707178229278
48.63585874947933
11.535613458601379
21.48956356736243
15.615309853288286
36.48586106354422
46.122784282871294
45.81269958809645
46.17137964548526
28.577544314342575
32.21872541306058
37.885870319803765
8.862868514833156
33.97510066182255
16.709862544545746
2.6114222242791687
27.206460869162775
2.1867913176285465
2.135881890128199
29.047299486277595
48.315360762715784
40.86175776368769
4.473087425371407
12.95182116906558
29.60498912389503
11.463877447123618
16.73647429073911
15.073818669875502
18.01036701069098
3.504651270421623
9.750312398759661
23.13717776646457
19.027398528254732
29.328458369972694
51.03670106909798
51.84546674688758
50.67223584949322
48.067755819873184
41.29795899477021
30.996899153052254
7.590132827324478
2.050261489332161
1.9044754014902576
1.9403434072291386
7.459388161244042
6.016568704586477
11.205859212292314
15.337622066922757
9.28634238904059
16.78854075068265
16.58490304068126
9.575600499838014
28.425973064284722
23.007590132827325
1.6406720044430045
3.880686814458277
11.212801406951451
9.097746100800666
