51.67885407506827
33.332947655852266
35.58453279029944
41.82093765909196
50.877030591937796
51.74017679455732
50.3818207062526
53.17721108899893
53.864488360253624
48.972555190447544
52.26778358865183
45.68658305178877
49.33586337760911
50.17702596380803
47.73800157356412
48.52478363493312
43.62937936779747
41.41134817420281
22.965936964872494
11.242884250474383
42.4688758272782
20.477160179571435
30.42069699634378
53.115888369509875
53.362336279909286
53.680520201786464
53.115888369509875
50.80760864534641
30.321192206229462
46.64229184986347
44.635997593372515
15.173323459989819
0.3031425001157032
0.59240061091313
0.43504419863932986
1.559679733419725
1.3224880825658352
11.695283935761559
21.140139769519138
6.8935992965242745
27.780348960984867
1.773730735409821
6.938723561808673
44.24839172490397
2.1995186745036333
1.8929050770583606
16.278289443235987
18.32739390012496
45.783773777016705
45.80807145832369
46.142453834405515
28.391262090989034
35.26403480353589
37.8823992224742
8.858240385060396
33.93923265608368
16.77812745869394
2.610265191835979
27.190262414958116
2.1821631878557874
2.1347248576850095
30.37672976350257
48.321145924931734
41.94358309807007
34.12088674966446
24.41107048641644
12.519091035312629
2.36960244365252
17.231684176424306
13.369509881057065
0.5519044754014902
0.6699217846068404
1.413893645577822
11.80983014763734
18.808719396491878
29.03457212940251
50.133058730966816
51.82001203313741
50.65256629795899
48.29222011385199
47.401305132595915
41.41134817420281
14.243069375665293
2.0780302679687135
1.8338964224556855
1.8894339797287916
2.476049428425973
27.286296107742864
1.5862914796130883
11.49858842041931
1.6464571666589531
1.14546211875781
1.7864580922849076
1.1743879298375526
32.62021567084741
12.040079603832092
12.811820243439625
3.014069514509187
9.323367427222658
1.7725737029666313
