80.30152265469523
76.34447169898644
71.62377933077244
70.4239366871847
73.31883186004535
72.78312583884852
71.83320220298978
71.80196232702365
71.82394594344426
72.19882445503772
71.07418892025731
71.0776600175869
69.8859166011015
69.34905354746147
68.06243347063452
68.75202480677558
71.13319757485999
67.34738742074327
67.1877169435831
59.599898181144994
66.36506687647523
76.1929004489286
75.15619937983061
73.5166844078308
72.99139167862266
72.35155273753875
72.42791687878928
70.5257555421854
81.5765724070903
68.80756236404869
67.98375526449762
68.46392372842135
68.47549405285325
70.00740500763641
72.97750728930438
66.34539732494099
67.31846160966354
56.878557874762805
71.27204146804277
73.55718054334244
71.74526773730734
71.09732956912111
71.25121488406535
72.48345443606239
72.16064238441245
74.31503679363169
77.653075392234
69.0991345397325
69.76095709723701
68.96491877632249
69.82112278428288
76.3930670616004
66.81399546443282
66.46341463414635
62.82801869764428
60.27791919285417
74.11602721340307
74.98380154579534
72.99370574350905
72.93354005646319
73.01684639237284
72.17799787106031
71.32295089554312
73.28296385430647
78.40051835053455
71.24542972184939
70.16476141991022
71.3703892257139
69.43351691581432
76.90331836904707
68.30541028370436
69.30855741194983
61.02189105382515
61.827185634285186
77.77803489609849
77.40894154672097
76.9785254778544
73.19271532373767
72.66395149719999
71.90262414958116
71.17600777525801
71.90725227935391
79.19655667144907
68.41764243069376
68.14458277410098
67.77780348960985
74.10445688897117
69.401120007405
59.62766695978156
61.07627157865506
57.28699032720878
62.793307724348594
70.05600037025039
74.10908501874393
66.20886749664461
69.4358309807007
66.38705049289581
62.24834544360623
56.630952931920206
55.80945989725552
