51.67885407506827
33.332947655852266
35.58453279029944
41.82093765909196
50.877030591937796
51.74017679455732
50.3818207062526
53.17721108899893
53.864488360253624
48.972555190447544
52.26778358865183
45.68658305178877
49.33586337760911
50.17702596380803
47.73800157356412
48.52478363493312
43.62937936779747
40.916138288517615
13.15083074929421
11.108668487064378
42.449206275743975
4.050770583607164
30.248299162308513
53.115888369509875
53.36002221502291
53.675892072013696
53.11473133706669
50.80760864534641
30.291109362706532
43.573841810524364
42.638959596427085
29.651270421622623
0.30429953255889297
0.5889295135835608
0.43388716619614015
1.5527375387605868
1.3143888554635073
2.0872865275142316
1.3537279585319573
1.4208358402369603
1.3930670616004073
1.1686027676216042
0.8434766510852963
15.397787753968622
2.1902624149581156
1.8824917850696534
2.990928865645393
2.1555514416624244
33.66848706437728
45.80575739343731
46.14476789929189
27.165964733651133
31.86698755033091
37.878928125144625
8.851298190401259
33.93113342898135
16.54324987272643
2.6091081593927896
27.194890544730875
2.1729069283102698
2.117369371037164
25.27305965659277
48.27139352987458
41.42176146619151
6.598556023510898
2.8694404591104736
2.6253066135974454
1.1014948859166012
14.171333364187532
1.528439857453603
0.5183505345489887
2.0907576248438007
1.7436478918868885
12.808349146110057
8.029805155736566
11.860739575137687
47.8085805525987
50.42347387420744
39.685055768963764
35.85412134956264
29.75193224418013
27.371916508538902
6.924839172490397
2.027120840468367
1.8859628823992225
1.9033183690470679
3.4583699726940345
7.473272550562318
1.6175313555792104
2.5396862128014073
7.159716758457907
7.82038228351923
6.0894617485074285
8.29476558522701
20.134678576387284
11.743879298375525
1.3132318230203175
5.046975517193502
9.767667885407507
1.6325727773406769
