51.67885407506827
33.332947655852266
35.58453279029944
41.82093765909196
50.877030591937796
51.74017679455732
50.3818207062526
53.17721108899893
53.864488360253624
48.972555190447544
52.26778358865183
45.68658305178877
49.33586337760911
50.17702596380803
47.73800157356412
48.52478363493312
43.62937936779747
40.916138288517615
13.15083074929421
11.108668487064378
42.449206275743975
4.023001804970612
30.219373351228768
53.027953903827466
53.324154209284025
53.65737955292267
53.061507844679966
50.779839866709864
26.290091174156522
28.24200490581756
0.343638635627343
0.27074559170639145
0.30198546767251355
0.5310778914240756
0.4176887119914843
1.5388531494423103
1.2727356875086777
2.037534132457074
0.9209978247790068
1.287777109270144
1.3733975100661824
1.1512472809737586
0.841162586198917
15.335308002036378
2.1705928634238902
1.867450363308187
1.153561345860138
1.9264590179108623
4.4765585227009765
2.6125792567223587
2.834729485814782
7.34947007914102
35.09047993705743
37.84653121673532
8.735594946082289
28.75804137548017
2.128939695469061
2.6033229971768406
2.4575369093349377
2.139352987457768
2.0872865275142316
25.303142500115705
48.24593881612441
40.59448326931087
1.6649696857499885
1.0991808210302216
2.3684454112093305
1.0876104965983246
14.076456703845977
1.1362058592122923
0.5021520803443328
0.5611607349470079
1.350256861202388
1.852408941546721
1.5411672143286896
0.8897579488128847
17.53482667654001
40.64192159948165
20.909890313324386
15.151339843569215
1.9553848289906048
3.4884528162169666
1.2669505252927291
1.9461285694450874
1.8026565464895636
1.840838617114824
1.6337298097838664
1.6857962697274032
1.5492664414310178
2.037534132457074
1.4104225482482529
0.9591798954042672
1.5781922525107603
0.5600037025038183
0.5519044754014902
0.45008562040079597
1.1315777294395335
1.3248021474522147
7.955755079372426
1.3282732447817838
