51.67885407506827
33.332947655852266
35.58453279029944
41.82093765909196
50.877030591937796
51.74017679455732
50.3818207062526
53.17721108899893
53.864488360253624
48.972555190447544
52.26778358865183
47.793539130837225
50.536863053640026
50.203637710001395
47.75535706021196
48.53982505669459
46.29518211690656
44.543434997917345
42.51978525477854
34.50270745591706
43.73351228768455
54.85953626139677
54.8907761373629
53.14250011570324
53.397047253204974
53.71754523996854
53.14944231036238
50.82727819688064
34.160225852732914
46.87948350071736
46.265099273383626
44.78294071365761
34.12435784699403
1.0910815939278937
24.6968574998843
33.18137640579442
15.593326236867682
21.00823807099551
28.973249409913453
36.47891886888509
43.39103068450039
46.311380571111215
45.86476604803998
48.92627389271995
48.65321423612718
42.25251076040173
41.35696764937289
47.056509464525384
47.69172027583654
49.21206090618781
47.78891100106447
38.97810894617485
45.38922571388902
37.93909381219049
8.895265423242469
34.52931920211043
18.003424816031842
2.6218355162678764
48.594205581524506
48.70296663118434
52.73059656592771
38.97695191373166
48.33040218447725
42.170361456935254
35.026843152682005
39.87828018697645
45.01781829962512
47.982135419077146
38.29198870736336
26.912574628592584
32.91873004119035
33.18716156801037
32.40385060397094
26.101494885916598
21.945434349979173
29.296061461563383
53.4514277780349
52.754894247234695
50.687277271254686
48.91817466561763
47.407090294811866
41.92391354653584
31.785995279307635
41.115147868746234
43.53103161012635
43.215161753135554
33.20914518443097
27.546628407460545
1.6186883880224001
19.60012958763364
3.084648493543759
16.94474013051326
32.21178321840144
1.2935622714860924
33.319063266533995
12.553802008608322
24.36710325357523
10.081223677511918
12.035451474059332
3.542833341046883
