51.67885407506827
33.332947655852266
35.58453279029944
41.82093765909196
50.877030591937796
51.74017679455732
50.3818207062526
53.17721108899893
53.864488360253624
48.972555190447544
52.26778358865183
45.68658305178877
49.33586337760911
50.17702596380803
47.73800157356412
48.52478363493312
43.62937936779747
40.916138288517615
13.15083074929421
11.108668487064378
42.449206275743975
4.023001804970612
30.219373351228768
53.027953903827466
53.324154209284025
53.660850650252236
53.06613597445272
50.78331096403943
27.712084046836672
45.85088165872171
10.281390290183737
0.27074559170639145
0.30198546767251355
0.5889295135835608
0.42115980932105335
1.5388531494423103
1.2900911741565233
2.0710880733095753
0.9591798954042672
1.291248206599713
1.3884389318276484
1.1547183783033277
0.841162586198917
15.337622066922757
2.1821631878557874
1.8697644281945665
1.1547183783033277
1.9299301152404313
4.480029620030546
2.6137362891655482
2.838200583144351
15.844402277039848
35.209654278705976
37.863886703383166
8.813116119775998
33.88253806636738
16.522423288749017
2.6079511269495996
26.802656546489562
2.1717498958670802
2.1266256305826814
25.35520896005924
48.262137270329056
40.60836765862915
1.6742259452955062
1.1061230156893598
2.373073540982089
1.0957097237006526
14.155134909982875
1.137362891655482
0.5021520803443328
0.5623177673901976
1.3525709260887675
1.8570370713194797
1.7748877678530106
8.704355070116165
48.587263386865374
50.367936316934326
26.471745267737308
15.859443698801314
1.9866247049567272
3.5023372055352433
1.2785208497246263
1.9553848289906048
1.8095987411487018
1.8709214606377564
1.6476141991021427
1.6927384643865413
1.5677789605220531
2.0491044568889714
1.4462905539871338
0.9684361549497847
1.5851344471698985
0.5611607349470079
0.5553755727310594
1.7841440273985283
1.1408339889850512
1.3329013745545424
8.05757393437312
1.335215439440922
