51.67885407506827
33.332947655852266
35.58453279029944
41.82093765909196
50.877030591937796
51.74017679455732
50.3818207062526
53.17721108899893
53.864488360253624
48.98065441754987
52.28513907529967
48.78511593465081
50.95108066830194
50.218679131762855
47.77502661174619
48.55255241356968
46.402786134123204
44.5480631276901
42.96177164807701
34.935437589670016
43.741611514786875
55.004165316795486
54.909288656453924
53.14481418058963
53.4063035127505
53.72564446707086
53.15175637524876
50.82727819688064
36.12718100615541
48.269079464988195
47.48461146850558
47.74147267089369
44.811866524737354
32.959226176701996
24.777849770907576
35.876104965983245
15.612995788401907
21.154024158837416
28.814735965196466
41.74341648539825
43.54491599944462
46.650391076965796
48.38478270930717
50.30545656500208
48.65668533345675
44.38029342342759
47.11320405424168
47.06460869162771
47.73684454112093
49.22825936039247
49.73966770028231
45.08261211644374
45.430878881843846
44.09219234507336
9.654278705974916
34.60684037580414
18.371361132966168
2.6588605544499466
49.69801453232749
48.73304947470727
52.74448095524599
52.317535983708986
50.58545841625399
43.83417411024205
41.57217568380617
50.86777433239228
50.92446892210858
48.365113157772946
45.974684130143004
33.70204100522979
45.0652566297959
33.31096403943167
32.41426389595964
26.14314805387143
28.497709075762483
31.017725737029668
53.46184107002361
52.76530753922341
50.69306243347064
48.934373119822276
47.42328874901652
42.0870551210256
32.816911186189664
44.90905724996529
43.5368167723423
43.28226963484056
33.213773314203735
28.37853473411395
23.78048780487805
26.209098903133242
4.120192530198547
29.220854352756053
32.22451057527653
1.2935622714860924
34.42634331466654
18.388716619614016
24.400657194427733
14.192159948164946
19.23450733558569
17.46424769750544
