51.67885407506827
33.332947655852266
35.58453279029944
41.82093765909196
50.877030591937796
51.74017679455732
50.382977738695786
53.243161938260755
53.92812514462906
52.787291155644
52.31985004859536
48.940158282038226
51.01124635534781
50.23950571574027
47.79122506595085
48.5722219651039
47.003285972138656
44.570046744110705
43.16888045540797
35.15527375387606
43.78557874762809
55.28995233026334
54.91738788355626
53.14828527791919
53.42365899939834
53.73258666173
53.157541537464716
50.833063359096585
45.18327393900125
48.34428657379553
47.79122506595085
48.39519600129588
48.52594066737631
47.62692645901791
46.48493543758967
43.55417225899014
39.08802702827787
31.544175498680982
40.22886101726292
53.2373767760448
48.501642986069335
48.34312954135234
51.993566899615864
51.9438145045587
51.9438145045587
46.88064053316055
53.78581015411672
47.14328689776461
48.18345906419216
49.23982968482436
49.75818021937335
50.19438145045587
45.48063127690101
44.09682047484612
39.04753089276623
34.650807608645344
43.31466654324988
54.87573471560142
52.60910815939279
52.06298884620725
53.86101726292405
52.580182348313045
52.064145878650436
50.497523950571576
54.64895635673624
50.934882214097286
50.956865830517884
51.89290507705836
48.536353959365016
49.02346461794789
46.017494330541034
42.88887860415606
35.72337668348221
37.23908918406072
47.765770352200676
56.84847503123988
56.2051649928264
52.89836627019021
52.88563891331513
52.09885685194613
51.3595131207479
47.99601980839543
52.220345258481046
47.27865969361781
47.394362937936776
46.682787985375114
47.58758735594946
44.94723932059055
23.847595686583052
28.171425926782987
15.311010320729393
34.4760957097237
37.17776646457167
33.42551025130744
43.684916925070574
35.294117647058826
24.636691812838432
22.570231869301615
20.03633081871616
17.759290970518812
