75.14347202295552
67.40292497801639
61.41528208450965
70.32674596195677
73.09321053362336
72.79816726060999
71.83435923543297
71.7741935483871
71.85055768963761
72.20692368214004
71.05799046605267
71.10311473133707
70.03980191604573
69.41616142916648
68.19086407182857
68.84921553200351
71.22576017031518
67.53482667654
67.33813116119775
59.610311473133706
66.53862174295368
76.37918267228213
75.38066367380941
73.62544545749063
73.02378858703197
72.44180126810755
72.52395057157402
70.61947517008377
81.68301939186374
68.9302078030268
68.04044985421392
68.51946128569445
68.53218864256954
70.05252927292082
73.02957374924793
66.39052159022539
67.37747026426621
56.951450918683754
71.35650483639562
73.61040403572916
71.76378025639839
71.1216272504281
71.25815707872448
72.49039663072152
72.1560142546397
74.32082195584763
77.65191835979081
69.09797750728931
69.75980006479382
68.96491877632249
69.81996575183969
76.39191002915722
66.81283843198963
66.46225760170316
62.82686166520109
60.273291063081416
74.09404359698246
74.94793354005647
72.95899477021337
72.91039940759939
73.00411903549775
72.18031193594669
71.31947979821354
73.27486462720415
78.37737770167075
71.31716573332716
70.16129032258065
71.36691812838431
69.43004581848476
76.8998472717175
68.2996251214884
69.30161521729069
61.00800666450687
61.79363169343268
77.76877863655297
77.39505715740269
76.97158328319527
73.18230203174897
72.6500671078817
71.87716943583098
71.15980932105336
71.88411163049012
79.19077150923312
68.41764243069376
68.14458277410098
67.77780348960985
74.10445688897117
69.33864025547277
59.559402045633355
61.05197389734808
57.26963484056093
62.78636552968945
70.05600037025039
74.10561392141436
66.20655343175824
69.4358309807007
66.38357939556624
62.162725042810195
56.605498218170034
55.795575507937244
