51.67885407506827
33.332947655852266
35.58453279029944
41.82093765909196
50.877030591937796
51.74017679455732
50.3818207062526
53.17721108899893
53.864488360253624
48.972555190447544
52.26778358865183
45.68658305178877
49.33586337760911
50.17702596380803
47.73800157356412
48.52478363493312
43.62937936779747
40.916138288517615
13.15083074929421
11.108668487064378
42.449206275743975
4.023001804970612
30.219373351228768
53.027953903827466
53.324154209284025
53.660850650252236
53.06613597445272
50.78331096403943
27.712084046836672
43.52756051279678
18.539130837228676
0.27074559170639145
0.30198546767251355
0.5843013838108021
0.42000277687786364
1.5400101818855
1.2900911741565233
2.065302911093627
0.9441384736428009
1.2924052390429028
1.386124866941269
1.1547183783033277
0.841162586198917
15.337622066922757
2.1810061554125975
1.8709214606377564
1.157032443189707
1.9310871476836209
4.481186652473736
2.6137362891655482
2.838200583144351
14.61447678992919
31.80913592817143
37.86620076826954
8.772619984264358
33.76683482204841
16.520109223862637
2.6079511269495996
27.17869209052622
2.1705928634238902
2.112741241264405
25.246447910399404
48.248252881010785
40.59332623686768
1.6487712315453324
1.070255009950479
2.4864627204146803
1.089924561484704
14.163234137085205
1.1801730920535012
0.5114083398898506
0.600499838015458
1.374554542509372
1.8975332068311195
2.0421622622298328
7.812283056416902
46.26278520849725
50.356365992502425
20.93997315684732
15.182579719535335
1.9877817373999167
3.509279400194382
1.2750497523950572
1.8755495904105153
1.8119128060350813
1.8443097144443932
2.156708474105614
2.0710880733095753
1.600175868931365
2.058360716434489
1.492571851714722
0.9800064793816818
4.545980469292359
5.72499652890267
4.838709677419355
11.016105891609202
1.2947193039292821
1.6256305826815383
9.352293238302401
1.5781922525107603
