51.67885407506827
33.332947655852266
35.58453279029944
41.82093765909196
50.877030591937796
51.74017679455732
50.3818207062526
53.17721108899893
53.864488360253624
48.972555190447544
52.26778358865183
45.68658305178877
49.33586337760911
50.17702596380803
47.73800157356412
48.52478363493312
43.62937936779747
41.41134817420281
22.965936964872494
11.242884250474383
42.4688758272782
20.477160179571435
30.42069699634378
53.115888369509875
53.362336279909286
53.680520201786464
53.115888369509875
50.80760864534641
30.321192206229462
46.64229184986347
44.635997593372515
15.173323459989819
0.3031425001157032
0.59240061091313
0.43504419863932986
1.559679733419725
1.3224880825658352
11.695283935761559
21.140139769519138
6.8935992965242745
27.780348960984867
1.773730735409821
6.938723561808673
44.24839172490397
2.1995186745036333
1.8929050770583606
16.278289443235987
18.32739390012496
45.783773777016705
45.80807145832369
46.142453834405515
28.391262090989034
35.237423057342525
37.881242190031
8.858240385060396
33.95080298051557
16.78159855602351
2.610265191835979
27.193733512287682
2.1821631878557874
2.1347248576850095
30.373258666172998
48.31767482760216
41.84176424306937
33.08997084278243
15.76456703845976
12.219419632526495
1.1003378534734114
17.231684176424306
13.368352848613876
0.5519044754014902
1.1917434164853982
1.8327393900124958
15.184893784421716
16.496968574998842
13.587031980376729
49.795205257555416
51.718193178136715
50.65256629795899
48.051557365668536
47.02064145878651
41.07812283056417
1.3687693802934233
2.069931040866386
1.8281112602397371
1.8871199148424123
6.303512750497524
25.130744666080435
1.5943907067154164
9.392789373814042
7.688480584995603
8.514601749433053
1.7540611838755957
1.2449669088721247
28.872587587355948
15.039107696579812
1.4833155921692045
10.060397093534503
13.0733095756005
6.707317073170732
