51.67885407506827
33.332947655852266
35.58453279029944
41.82093765909196
50.877030591937796
51.74017679455732
50.3818207062526
53.17721108899893
53.89572823621974
52.23885777757208
52.300180497061135
48.875364465219604
50.97075021983617
50.22677835886519
47.78312583884852
48.56643680288795
46.66543249872726
44.55269125746286
43.063590503077705
35.03031425001157
43.75665293654834
55.038876290091174
54.91391678622669
53.145971213032816
53.413245707409644
53.727958531957235
53.154070440135136
50.833063359096585
37.604711436108666
48.30379043828389
47.497338825380666
47.999490905725
45.83121210718748
39.122738001573566
24.784791965566715
41.178784653121674
26.19405748137178
21.173693710371637
29.046142453834406
41.772342296477994
43.43152682001203
46.34840560929329
48.404452260841396
50.52182163187856
48.67172675521822
43.33665015967048
44.08987828018698
47.07849308094599
47.71601795714352
49.21900310084695
49.72809737585042
42.76276206784838
45.40079603832091
40.75415374647105
25.939510343870044
34.629981024667934
31.843846901467117
27.44943768223261
51.549266441431016
52.03984819734345
53.84134771138983
51.16513167029203
48.34312954135234
44.9183135095108
43.31582357569307
49.858842041930856
50.962650992733835
51.866293330865
48.5051140833989
38.77447123617346
43.4905354746147
36.279909288656455
35.14023233211459
26.978525477854397
38.88786041560605
45.67038459758412
53.6087841903087
52.89720923774702
52.85671310223539
52.13472485768501
51.31670292034989
46.76030915906882
42.33697412875457
43.69185911972971
46.94196325264961
46.65270514185218
41.35349655204332
40.40704401351414
23.78742999953719
27.699356689961586
19.7169898643958
34.544360623871896
35.23279492756977
24.20049058175591
40.60489656129958
28.764983570139307
24.636691812838432
22.558661544869718
19.947239320590548
22.34576757532281
