51.67885407506827
33.332947655852266
35.58453279029944
41.82093765909196
50.877030591937796
51.74017679455732
50.3818207062526
53.17721108899893
53.864488360253624
48.972555190447544
52.26778358865183
47.793539130837225
50.536863053640026
50.203637710001395
47.75535706021196
48.53982505669459
46.29518211690656
44.543434997917345
42.51978525477854
34.50270745591706
43.73351228768455
54.85953626139677
54.8907761373629
53.14250011570324
53.397047253204974
53.71754523996854
53.14944231036238
50.82727819688064
34.160225852732914
46.87948350071736
46.265099273383626
44.78294071365761
34.12435784699403
1.0910815939278937
24.6968574998843
33.18137640579442
15.593326236867682
21.00823807099551
28.973249409913453
36.47891886888509
43.39103068450039
46.311380571111215
45.86592308048318
48.65784236589994
48.65321423612718
42.12755125653723
41.05613921414356
47.05766649696857
47.6500671078817
49.21668903596057
47.464941916971355
38.72934697088906
45.38922571388902
37.94025084463368
8.895265423242469
34.538575461655945
18.003424816031842
2.6218355162678764
48.594205581524506
48.70296663118434
52.7317535983709
37.095617161105196
48.3361873466932
42.142592678298705
34.891470356828805
36.49858842041931
36.9833850141158
47.336511315777294
38.160087008839724
26.922987920581292
32.89558939232656
32.93839959272458
32.400379506641364
25.71736011477762
21.92576479844495
29.315731013097608
50.82959226176702
51.86397926597862
50.666450687277276
48.42759290970518
47.41750358680058
41.47614199102143
19.213680751608276
20.471375017355488
35.3970935345027
35.27329106308141
18.765909196093858
28.04993752024807
17.507057897903458
17.640116628870274
10.434118572684778
23.755033091127874
23.915860600731246
1.2900911741565233
32.65724070902948
24.873883463692323
14.835469986578422
12.299254871106585
16.3442402924978
12.24603137871986
