200,78.12382706650345,21.87617293349655
65736,48.415825317082536,51.584174682917464
131272,47.82303543040151,52.176964569598496
196808,47.2743166035317,52.725683396468305
262344,45.838865838391456,54.16113416160854
327880,43.014673383579044,56.98532661642095
393416,40.370409794905854,59.62959020509415
458952,37.908446972414225,62.091553027585775
524488,34.58948773901232,65.41051226098769
590024,31.74328867990457,68.25671132009543
655560,29.093170547712216,70.9068294522878
721096,25.918503828593774,74.08149617140623
786632,22.82901724660587,77.17098275339413
852168,20.379966816539895,79.62003318346011
917704,18.546557505270247,81.45344249472976
983240,17.15860259219749,82.8413974078025
1048776,15.677923742835127,84.32207625716487
1114312,15.045609902277718,84.95439009772228
1179848,14.940042995027108,85.05995700497289
1245384,14.660008376856734,85.33999162314326
