51.67885407506827
33.332947655852266
35.58453279029944
41.82093765909196
50.877030591937796
51.74017679455732
50.3818207062526
53.17721108899893
53.89572823621974
52.2365437126857
52.300180497061135
48.874207432776416
50.97075021983617
50.22677835886519
47.78196880640533
48.56643680288795
46.65849030406813
44.551534225019665
41.022585273291064
33.40005553755727
43.75896700143472
51.65687045864766
52.78613412320081
53.14365714814644
53.412088674966455
53.72448743462767
53.15291340769195
50.831906326653396
39.14587865043736
44.96459480723839
43.892025732401535
44.32591289859767
45.16013329013745
42.29879205812931
42.02341833665016
41.25167769704262
26.213727032906004
21.358818901281992
30.21243115656963
44.20211042717638
41.69019299301153
48.25866617299949
49.70148562965706
50.49058175591243
48.66131346322951
42.729208126995886
42.40755310778914
47.07617901605961
47.7287453140186
49.23635858749479
49.4376822326098
31.971120470217983
36.38867033831629
41.72953209607997
27.683158235756935
34.08039061415282
30.944832693108715
33.43245244596659
48.24593881612441
44.92062757439719
34.92039616790855
42.37052806960707
48.34544360623872
43.25450085620401
39.188688850835376
49.294210209654274
47.26477530429953
48.10478085805526
44.765585227009765
31.014254639700095
40.64076456703846
36.606192437635954
33.52501504142176
30.205488961910493
35.05576896376175
40.05877724811403
50.32165501920674
51.99703799694544
51.881334752626465
50.22215022909242
48.78511593465081
42.76391910029157
32.22451057527653
40.11200074050076
35.797426759846346
43.377146295182115
38.47017170361457
33.95427407784514
21.67584579071597
25.899014208358402
21.016337298097838
29.939371499976858
36.13296616837136
18.20012033137409
36.12139584393946
26.995880964502245
24.494376822326096
20.06062850002314
19.372194196325264
19.704262507520713
