51.67885407506827
33.34336094784098
35.771972046096174
45.907576248438005
52.93076317859953
51.92877308279724
51.93571527745638
53.44101448604619
54.22085435275606
53.54861850326284
52.795390382746334
50.188596288239914
51.213727032906
50.425787939093816
47.88147359651965
48.70759476095709
48.196186421067246
44.71698986439579
43.54375896700143
35.72916184569815
44.00772897672051
56.02466793168881
55.04350441986393
53.27440181422687
53.635395936502064
54.0912667191188
53.491923913546536
51.08298236682557
55.75392233998241
49.23057342527885
48.145276993566895
48.68329707965011
48.86726523811728
50.395705095570875
50.31008469477484
44.50872402462165
43.89433979728792
32.66418290368862
49.03619197482298
54.17804415235803
51.438191326884805
50.82612116443745
52.624149581154256
53.66663581246818
58.005507474429585
57.54038043226733
63.06636738094136
50.263803397047255
49.964131994261116
54.42102096542787
55.70532697736844
59.20303605313093
51.307446660804366
44.270375341324566
39.26736705697228
36.458092284907664
51.254223168417646
54.59226176701995
52.73522469570047
52.32563521081131
54.152589438607855
54.27060674781321
57.724348590734486
57.73244781783681
61.53561345860138
55.18581941037627
52.60679409450641
57.66302587124543
55.07011616605729
59.237747026426625
44.69153515064562
44.17665571342621
35.798583792289534
38.425047438330175
55.259869486740406
55.29573749247929
56.558059887999256
59.840560929328454
53.56944508724024
53.454898875364464
57.23260980237885
55.54681353265145
61.76701994723932
47.90577127782663
47.707918730041186
47.01832739390012
51.712408015920765
44.64641088536123
35.862220576664974
36.10982551950757
30.833757578562505
37.759753783496095
46.4143564585551
46.807747489239595
43.82260378581015
46.677002823159164
39.96968574998843
35.61924376359513
30.309621881797565
30.95987411487018
