51.67885407506827
33.332947655852266
35.58453279029944
41.82093765909196
50.877030591937796
51.74017679455732
50.3818207062526
53.17721108899893
53.864488360253624
48.972555190447544
52.26778358865183
45.68658305178877
49.33586337760911
50.17702596380803
47.73800157356412
48.52478363493312
43.62937936779747
40.916138288517615
13.15083074929421
11.108668487064378
42.449206275743975
4.023001804970612
30.219373351228768
53.03258203360022
53.336881566159114
53.67126394224094
53.069607071782286
50.78909612625539
29.083167492016475
46.467579950941825
36.11213958439395
0.27074559170639145
0.30198546767251355
0.5912435784699404
0.4315731013097607
1.5457953441014485
1.3051325959179896
2.073402138195955
0.9823205442680613
1.2970333688156614
1.3884389318276484
1.1558754107465172
0.841162586198917
15.351506456241031
2.187948350071736
1.8801777201832741
1.2495950386448835
1.9495996667746565
5.597722960151803
11.946359975933724
43.27648447262461
28.38431989632989
35.21891053825149
37.87661406025825
8.858240385060396
33.894108390799275
16.532836580737722
2.6079511269495996
27.187948350071732
2.1821631878557874
2.1300967279122505
25.360994122275187
48.263294302772245
41.11283380385986
4.355070116166057
1.1443050863146202
2.4899338177442494
1.0968667561438423
14.163234137085205
1.1917434164853982
0.509094275003471
0.5958717082426991
1.3791826722821308
1.9091035312630167
2.1810061554125975
12.707687323552552
48.599990743740456
50.3818207062526
49.12528347294858
25.00578516221595
16.767714166705233
30.01110751145462
1.2866200768269542
1.9634840560929328
1.8200120331374092
1.8755495904105153
2.437867357800713
6.442356643680289
1.572407090294812
2.050261489332161
1.4717452677373073
0.9684361549497847
1.6985236266024901
1.1593465080760863
4.289119266904244
1.7945573193872355
1.1524043134169482
1.3514138936455777
8.242699125283472
1.3641412505206647
