200,69.87962318028987,30.120376819710142
65736,49.30264981730584,50.69735018269416
131272,47.879417229944714,52.12058277005528
196808,47.29573312537748,52.70426687462252
262344,45.9733699261587,54.0266300738413
327880,42.85141723920091,57.14858276079908
393416,41.413374739380245,58.586625260619755
458952,37.44128679626883,62.55871320373117
524488,34.17604820626506,65.82395179373495
590024,31.586916830771294,68.4130831692287
655560,28.90010945450927,71.09989054549072
721096,25.69434191922581,74.30565808077418
786632,22.657372675248702,77.3426273247513
852168,20.44279324205182,79.55720675794818
917704,18.557919484985295,81.44208051501471
983240,17.171896802678745,82.82810319732125
1048776,15.677923742835127,84.32207625716487
1114312,15.045609902277718,84.95439009772228
1179848,14.940042995027108,85.05995700497289
1245384,14.660008376856734,85.33999162314326
