51.67885407506827
33.332947655852266
35.58453279029944
41.82093765909196
50.877030591937796
51.74017679455732
50.3818207062526
53.17721108899893
53.864488360253624
48.972555190447544
52.26778358865183
47.793539130837225
50.536863053640026
50.203637710001395
47.75535706021196
48.53982505669459
46.29402508446337
44.54112093303097
40.63382237237932
33.15823575693063
43.72309899569584
51.616374323136014
52.776877863655294
53.141343083260054
53.397047253204974
53.715231175082145
53.14828527791919
50.82727819688064
35.81709631138057
43.64557782200213
42.679455731938724
43.00920997824779
43.60855278382006
38.132318230203175
24.700328597213865
41.16027213403064
26.144305086314617
21.001295876336375
26.93455824501319
36.36784375433887
41.186883880224
46.28361179247466
45.85666682093766
48.64974313879761
48.64742907391123
40.40472994862776
35.582218725413064
46.108899893553016
46.26972740315639
45.82426991252835
46.181792937473965
33.55741194983107
44.85699079002175
37.89628361179248
8.872124774378673
34.0155967973342
16.760771972046097
2.6137362891655482
41.75614384227334
27.581339380756237
28.419030869625583
37.73661313463229
48.325774054704496
41.91118618966076
32.0370713194798
29.681353265145553
33.31559216920442
37.02041005229786
33.74832230295738
21.859813949183135
30.57689637617439
25.015041421761463
23.96214189845883
24.33586337760911
29.795899477021337
36.618919794511044
50.78215393159624
51.73554866478456
50.64678113574305
48.16031841532837
47.021798491229696
37.71115842088212
14.484889156291942
28.903827463322074
30.71921136668672
27.59522377007451
24.120655343175823
29.241680936733466
18.424584625352892
21.372703290600267
16.337298097838662
26.52265469523765
31.689961586522884
13.797611885037256
34.92039616790855
28.78581015411672
12.899754709122044
14.893321608737908
17.607719720460963
17.476975054380524
