51.67885407506827
33.332947655852266
35.58453279029944
41.82093765909196
50.877030591937796
51.74017679455732
50.3818207062526
53.17721108899893
53.864488360253624
48.972555190447544
52.26778358865183
45.68658305178877
49.33586337760911
50.17702596380803
47.73800157356412
48.52478363493312
43.62937936779747
40.916138288517615
13.15083074929421
11.108668487064378
42.449206275743975
4.050770583607164
30.248299162308513
53.115888369509875
53.36002221502291
53.675892072013696
53.11473133706669
50.80760864534641
30.29573749247929
46.57749803304485
44.63484056092933
14.748692553339197
0.3031425001157032
0.59240061091313
0.43504419863932986
1.5527375387605868
1.3143888554635073
2.0953857546165593
1.3780256398389412
1.417364742907391
1.3930670616004073
1.1662887027352247
0.8434766510852963
15.397787753968622
2.191419447401305
1.8824917850696534
2.9874577683158234
2.157865506548804
33.625676863979265
45.80460036099412
46.13782570463275
28.38894802610265
35.25477854399037
37.881242190031
8.858240385060396
33.92072013699264
16.542092840283242
2.610265191835979
27.187948350071732
2.1821631878557874
2.13241079279863
25.382977738695793
48.26560836765863
41.78159855602351
31.354422177997872
2.36960244365252
2.618364418938307
1.0968667561438423
14.163234137085205
1.1917434164853982
0.5114083398898506
0.6016568704586477
1.3919100291572177
8.614106539547368
7.657240709029481
12.75628268616652
49.03619197482298
50.734715601425464
50.64678113574305
48.041144073679824
47.00791410191142
40.903410931642526
1.330587309668163
2.0676169759800063
1.8211690655805988
1.8755495904105153
2.4401814226870924
24.063960753459526
1.583977414726709
2.069931040866386
1.5423242467718794
0.9719072522793539
1.7008376914888694
1.160503540519276
30.99574212060906
2.0433192946730223
1.1674457351784144
1.3768686073957515
8.509973619660295
1.3872818993844587
