51.67885407506827
33.332947655852266
35.58453279029944
41.82093765909196
50.877030591937796
51.74017679455732
50.3818207062526
53.17721108899893
53.864488360253624
48.972555190447544
52.26778358865183
45.68658305178877
49.33817744249549
50.18281112602397
47.74725783310964
48.53288286203545
45.99666774656362
44.53417873837182
40.486879252094226
29.723006433100384
43.71731383347989
50.878187624380985
52.76183644189383
53.140186050816865
53.38547692877308
53.71291711019577
53.13902901837368
50.824964131994264
33.83278567131022
43.60970981626325
42.679455731938724
43.0080529458046
43.60855278382006
16.71101957698894
0.49520988568519464
1.6198454204655897
15.498449576526127
20.677326792243257
26.06678391262091
18.219789882908316
39.70703938538437
46.28014069514509
45.85550978849447
48.646272041468045
48.633544684592955
40.154810940898784
34.54204655898551
45.04211598093211
46.26162817605406
45.81964178275559
46.174850742814826
28.52084972462628
32.02087286527514
37.88934141713334
8.865182579719535
34.00055537557273
16.75614384227334
2.610265191835979
38.6240570185588
27.370759476095706
2.140510019900958
29.079696394686906
48.32808811959087
40.9392789373814
4.486971814689684
14.73365113157773
29.46151710093951
31.135743046235014
33.749479335400565
23.46461794788726
30.57342527884482
26.69273846438654
23.93321608737909
25.360994122275187
25.35405192761605
25.525292729208125
50.779839866709864
51.52959688989679
50.64562410329986
48.073540982089135
39.19910214282408
37.187022724117185
17.907391123247095
23.517841440273983
25.218679131762855
2.0757162030823344
7.181700374878512
12.23908918406072
18.31466654324987
18.28226963484056
16.775813393807564
21.621465265886055
25.615541259776926
8.300550747442959
23.06544175498681
29.795899477021337
12.95644929883834
10.388994307400381
14.814643402601007
17.4573055028463
