51.67885407506827
33.332947655852266
35.58453279029944
41.82093765909196
50.877030591937796
51.74017679455732
50.3818207062526
53.17721108899893
53.864488360253624
48.972555190447544
52.26778358865183
45.68658305178877
49.33586337760911
50.17702596380803
47.73800157356412
48.52594066737631
45.49914379599204
44.52029434905354
41.4229184986347
30.435738418105245
42.47234692460777
35.03031425001157
30.843013838108018
53.115888369509875
53.36349331235248
53.680520201786464
53.117045401953064
50.8087656777896
30.358217244411534
46.69435830980701
44.637154625815704
15.507705836071645
0.3031425001157032
0.5947146757995094
0.4489285879576063
1.5608367658629148
15.463738603230434
20.621789234970148
22.643124913222568
22.8189938445874
38.95728236219744
34.93890868699958
6.960707178229278
48.63585874947933
5.239042902762994
19.882445503771926
21.616837136113297
23.69949553385477
46.11699912065534
45.80807145832369
46.15055306150784
28.3947331883186
35.283704355070114
37.885870319803765
8.860554449946777
33.96815846716342
16.78506965335308
2.6114222242791687
27.190262414958116
2.1821631878557874
2.1347248576850095
30.41259776924145
48.321145924931734
42.02226130420697
34.551302818531035
32.510297588744386
38.053640024066276
7.676910260563706
17.239783403526634
16.480770120794187
20.754847965936964
10.081223677511918
11.9718146896839
21.710556764011663
21.421298653214237
29.03804322673208
50.145786087841905
51.823483130466975
50.654880362845375
48.38362567686398
47.4036191974823
41.44490211505531
20.01897533206831
2.0791873004119035
1.8385245522284446
1.8894339797287916
2.4783634933123526
27.28861017262924
1.5943907067154164
17.51284306011941
1.6950525292729206
13.22719489054473
13.198269079464989
1.2461239413153145
32.63872818993845
12.48553709446013
16.20192530198547
4.095894848891564
11.401397695191374
1.9160457259221548
