51.67885407506827
33.332947655852266
35.58453279029944
41.82093765909196
50.877030591937796
51.74017679455732
50.3818207062526
53.17721108899893
53.864488360253624
48.972555190447544
52.26778358865183
45.68658305178877
49.33586337760911
50.17702596380803
47.74147267089369
48.53288286203545
45.89253482667654
44.526079511269494
42.02688943397973
31.00037025038182
42.5695376498357
39.02091914657287
53.75341324570741
53.1251446290554
53.36465034479567
53.695561623547924
53.12283056416902
50.8087656777896
31.018882769472857
46.73948257509141
45.241125561160736
26.935715277456378
0.30661359744527233
0.5958717082426991
0.45008562040079597
1.5631508307492943
15.467209700560003
20.637987689174807
23.68908224186606
22.83519229879206
40.832831952607954
36.83875595871709
6.961864210672468
48.63585874947933
48.63123061970658
39.012819919470545
21.627250428102005
40.460267505900866
46.11815615309853
45.80807145832369
46.154024158837416
28.40398944786412
39.68968389873652
37.88702735224695
8.865182579719535
33.977414726708936
16.790854815569027
2.6125792567223587
31.845003933910306
2.1844772527421665
2.135881890128199
30.426482158559725
48.32345998981811
42.085898088582404
34.73295691211182
36.49164622576017
41.13018929050771
10.14717452677373
17.242097468413014
18.035821724441153
32.23492386726524
32.54500856204008
31.802193733512286
25.865460267505902
21.930392928217707
29.277548942472347
53.447956680705325
52.741009857916424
50.68264914148193
48.908918406072104
47.4036191974823
41.84060721062618
31.276901004304158
28.195723608089974
1.9229879205812932
1.8894339797287916
2.513074466608044
27.434396260471143
1.603646966260934
17.519785254778544
3.033739066043412
13.248021474522146
14.681584671634193
1.2843060119405747
32.857407321701295
12.500578516221594
24.352061831813764
10.040727542000278
11.509001712408017
2.157865506548804
