51.67885407506827
33.332947655852266
35.58453279029944
41.82093765909196
50.877030591937796
51.74017679455732
50.3818207062526
53.17721108899893
53.864488360253624
48.98065441754987
52.28513907529967
48.78395890220762
50.95108066830194
50.218679131762855
47.773869579303
48.55255241356968
46.39815800435044
44.5480631276901
41.02027120840469
33.31674920164762
43.73119822279817
51.64298606932939
52.78382005831443
53.14250011570324
53.40283241542093
53.72217336974129
53.15059934280557
50.82727819688064
37.50752071088073
44.94955338547693
43.886240570185585
44.229879205812935
44.80955245985098
39.111167677141665
24.779006803350768
41.17068542601935
26.18480122182626
21.155181191280604
26.877863655296895
44.38839265052992
41.4564724394872
46.651548109408985
48.418336650159674
50.470912204378216
48.65552830101356
43.49632063683065
44.603600684963205
47.080807145832374
47.73105937890498
49.24908594436988
49.748923959827835
36.69875503309113
45.39385384366177
37.90669690378118
8.892951358356088
34.56981533762207
20.511871152867126
5.420696996343778
44.00657194427732
27.582496413199426
28.419030869625583
41.38473642800944
48.333873281806824
42.22705604665155
33.18484750312399
47.52973573378998
46.82973110566021
37.146526588605546
36.7357800712732
28.100846947748416
35.92817142592678
26.638357939556624
24.09635766186884
27.957374924792894
35.62040079603832
38.250335539408525
51.210255935576434
51.94959966677466
51.83621048734206
49.43883926505299
48.10478085805526
42.4688758272782
15.737955292266395
29.055398713379923
29.961355116397463
27.311750821493035
27.432082195584762
34.23427592909705
20.967741935483872
24.633220715508862
19.262276114222242
27.761836441893827
33.027491090850184
17.008376914888693
35.84023696024437
30.359374276854723
18.35747674364789
17.317304577220348
18.409543203591426
19.639468690702085
