51.67885407506827
33.34336094784098
35.771972046096174
45.907576248438005
52.93076317859953
51.92877308279724
51.93571527745638
53.44101448604619
54.22085435275606
53.54861850326284
52.795390382746334
50.188596288239914
51.213727032906
50.425787939093816
47.88147359651965
48.70759476095709
48.196186421067246
44.71698986439579
43.54375896700143
35.72916184569815
44.00772897672051
56.02466793168881
55.04350441986393
53.270930716897304
53.62613967695654
54.085481556902856
53.48845281621697
51.08413939926876
55.75160827509603
49.22594529550609
48.136020734021386
48.67751191743416
48.89966214652659
50.40149025778683
50.31818392187717
44.50178182996251
43.871199148424125
32.61327347618827
48.986439579765815
54.14101911417596
51.25653723330402
50.60049983801546
52.4853056879715
53.733743694173185
52.61720738649511
51.40810848336187
55.176563150830745
48.730735409820895
49.84148655528301
49.390243902439025
50.08446336835285
52.597537834960896
46.03253575230249
44.25301985467672
39.23728421344935
35.4653584486509
53.42365899939834
55.01573564122738
52.7317535983709
52.2249733882538
54.17457305502846
53.44332855093257
52.45869394177812
52.18679131762855
56.11838755958717
51.48794372194197
51.18595825426945
52.17869209052621
48.88346369232193
51.97389734808164
46.19220622946267
44.10839079927801
35.94321284768825
38.407691951682324
56.95260795112696
56.97921969732032
56.38334798907761
53.102003980191604
53.16216966723747
52.7988614800759
51.66496968574998
49.832230295737496
55.36053130929791
47.40477622992549
47.54246309066506
46.81121858656917
52.161336603878375
47.60494284259731
35.85412134956264
35.96982459388161
32.98236682556579
39.07529967140279
46.265099273383626
48.98875364465219
44.20558152450595
46.415513490998286
42.46540472994863
37.604711436108666
31.393761281066325
33.319063266533995
