51.67885407506827
33.332947655852266
35.58453279029944
41.82093765909196
50.877030591937796
51.76678854075069
51.618688388022406
53.26398852223816
53.93506733928819
52.80233257740547
52.48067755819873
49.194705419539964
51.03554403665479
50.26496042949044
47.7970102281668
48.58032119220623
47.094691535150645
44.58855926320174
43.2556578886472
35.250150414217615
43.82607488313972
55.36631647151387
54.938214467533676
53.159855602351094
53.42944416161429
53.74184292127552
53.17721108899893
50.84694774841486
53.387790993659465
48.965612995788405
47.98444948396353
48.550238348683294
48.65205720368399
49.389086869995836
49.34049150738187
44.32591289859767
43.13879761188504
32.06368306567316
47.90345721294025
53.90961262553802
51.08761049659832
50.341324570740966
52.279353913083725
53.31374091729531
52.26199842643587
50.23834868329708
54.15027537372148
48.56643680288795
49.640162910168
49.25602813902902
49.77206460869163
50.603970935345025
45.82079881519878
44.13615957791456
39.10075438515296
35.026843152682005
52.220345258481046
54.90697459156755
52.636876938029346
52.08497246262785
53.872587587355945
53.01406951450919
52.162493636321564
50.77289767205072
55.023834868329715
51.255380200860834
50.99273383625677
51.90563243393345
48.57453602999028
49.76280834914611
46.05220530383672
43.54838709677419
35.759244689221084
37.8372749571898
55.847641967880776
56.897070393853845
56.28615726384968
52.97935854121349
52.90993659462211
52.206460869162775
51.37339751006619
48.300319340954324
54.08432452445967
47.30527143981117
47.43138797611885
46.7059286342389
50.75785625028926
46.58791132503355
35.653954736890825
35.34734113944555
31.930624334706348
38.850835377423984
40.696302124311565
39.76489100754385
44.016985236266024
36.18040449854214
35.22700976535382
25.700004628129776
21.215346878326468
22.90461424538344
