74.75123802471421
69.2553339195631
70.28162169667237
76.70083769148887
79.18730041190355
79.16300273059656
79.2382098394039
80.40334150969593
80.67524413384551
80.89970842782431
80.39987041236635
80.05854584162539
79.67093997315685
79.56912111815615
78.27208774934049
78.80316564076458
79.57143518304252
76.10728004813255
75.65256629795898
70.06062850002314
73.76081825334381
81.4504558707826
80.84648493543759
80.36284537418429
80.38830008793447
80.77937705373259
80.91012171981302
79.94052853242005
86.17577636876939
78.57638728189939
78.15754153746471
78.64349516360438
78.41440273985283
79.318045077984
80.95987411487017
76.15934650807608
76.24149581154256
68.053177211089
77.11968343592355
80.01920673855695
78.5185356597399
78.59374276854723
79.48002962003055
80.65210348498172
80.84185680566483
81.74202804646642
83.72980978386634
78.35076595547739
78.98713379923173
78.8320914518443
79.55523672883787
83.1269958809645
77.71786920905262
76.47868746239645
72.17221270884436
69.75632896746424
79.18730041190355
80.60582218725413
79.19887073633545
79.21738325542648
80.78400518350534
80.61854954412921
79.99028092747722
81.03276715879113
84.57444346739481
80.6428472254362
79.85490813162401
80.4635071967418
79.4302772249734
83.6222057666497
78.36812144212524
78.66779284491136
71.26972740315638
71.28708288980422
82.7891424075531
82.84930809459897
82.70930716897303
80.62780580367473
80.4623501642986
80.52830101356042
80.07821539315962
80.52135881890128
85.00948766603416
78.53357708150136
78.5416763086037
78.39241912343222
82.02318693016151
79.24515203406304
69.97269403434072
70.10343870042117
64.79960198083954
72.16527051418522
78.1586985699079
81.03855232100709
76.6418290368862
78.66894987735456
75.31586985699079
71.05914749849586
65.23696024436525
64.5693525246448
