51.67885407506827
33.332947655852266
35.58453279029944
41.82093765909196
50.877030591937796
51.74017679455732
50.3818207062526
53.17721108899893
53.864488360253624
48.972555190447544
52.26778358865183
45.68658305178877
49.33817744249549
50.18281112602397
47.74725783310964
48.53288286203545
45.997824779006805
44.53417873837182
42.21317165733327
31.04433748322303
43.72425602813903
47.16874161151479
54.81788309344194
53.14250011570324
53.38547692877308
53.71407414263896
53.13787198593049
50.82265006710788
32.2846762623224
46.800805294580464
46.226917202758365
43.214004720692365
6.67144906743185
0.6074420326745962
0.49173878835562546
1.6186883880224001
15.499606608969316
20.68889711667515
27.96084602212246
23.48775859675105
41.25283472948581
46.28939695469061
45.85898088582404
48.64858610635442
48.63817281436572
40.59679733419725
36.29263664553154
47.048410237423056
46.440968204748465
45.81732771786921
46.160966353496555
35.50469755171935
45.370713194797986
37.903225806451616
8.890637293469709
34.51427778034896
17.637802563983897
2.619521451381497
46.75683806173925
31.33243856157727
2.1381959550145786
30.462350164298606
48.32461702226131
42.1194520294349
34.82783357245337
36.96718655991114
43.90128199194706
47.975193224418014
25.09487666034156
23.693710371638822
32.915258943860785
33.18484750312399
32.40269357152775
26.10033785347341
21.936178090433657
29.293747396677
53.45027074559171
52.74448095524599
50.687277271254686
48.91007543851529
47.4036191974823
41.91234322210395
31.68301939186375
40.931179710279075
32.34831304669783
1.9079464988198271
2.516545563937613
27.4957189799602
1.6175313555792104
18.805248299162308
3.0557226824640162
13.260748831397231
23.919331698060812
1.2935622714860924
33.241542092840284
12.534132457074096
24.35437589670014
10.058083028648124
11.96487249502476
3.5208497246262787
