51.67885407506827
33.332947655852266
35.58453279029944
41.82093765909196
50.877030591937796
51.74017679455732
50.3818207062526
53.17721108899893
53.864488360253624
48.972555190447544
52.26778358865183
45.68658305178877
49.33586337760911
50.17702596380803
47.74147267089369
48.53288286203545
45.89253482667654
44.526079511269494
40.434812792150694
29.632757902531587
43.65020595177489
43.455824501319015
52.214560096265096
53.1367149534873
53.37853473411395
53.703660850650245
53.13324385615773
50.818021937335125
32.048641643911694
43.592354329615404
42.65631508307493
43.0080529458046
23.73420650715046
0.6016568704586477
0.45934187994631376
1.57934928495395
15.477622992548712
20.650715046049893
25.764798444948394
18.17119452029435
39.704725320497985
46.254685981394914
15.102744480955247
48.63585874947933
48.62544545749063
39.70125422316842
28.856389133151296
36.559911139908365
46.25121488406535
45.81038552321007
46.16790854815569
27.18216318785579
31.8681445827741
37.881242190031
8.854769287730829
33.97394362937936
16.74804461517101
2.6079511269495996
38.62289998611561
7.669968065904569
2.139352987457768
29.057712778266303
48.33040218447725
40.904567964085714
4.4626741333827
14.723237839589023
29.601518026565465
16.28291757300875
16.730689128523164
18.423427592909704
29.829453417873836
20.554681353265146
25.58083028648123
21.943120285092792
26.501828111260238
30.4068126070255
51.14546211875781
51.80728467626232
50.649095200629425
48.24478178368121
44.48558337575786
31.497894200953397
17.53829777386958
15.09001712408016
5.240199935206183
1.9565418614337946
6.848475031239875
6.156569630212432
14.936131809135928
15.690516962095616
14.182903688619428
18.026565464895636
18.062433470634517
8.787661406025824
22.095848567593833
27.89142407553108
10.165687045864766
4.014902577868283
12.489008191789699
14.442078955893923
