51.67885407506827
33.332947655852266
35.58453279029944
41.82093765909196
50.877030591937796
51.74017679455732
50.3818207062526
53.17721108899893
53.89572823621974
52.23885777757208
52.300180497061135
48.875364465219604
50.97075021983617
50.22677835886519
47.78312583884852
48.56643680288795
46.66543249872726
44.55269125746286
43.063590503077705
35.03031425001157
43.75665293654834
55.038876290091174
54.91391678622669
53.145971213032816
53.413245707409644
53.727958531957235
53.154070440135136
50.833063359096585
37.604711436108666
48.30379043828389
47.497338825380666
47.999490905725
45.83121210718748
39.122738001573566
24.784791965566715
41.177627620678486
26.191743416485398
21.17022261304207
29.036886194288886
49.347433702041
47.30527143981117
46.65386217429537
48.436849169250706
50.315869856990794
48.6624704956727
44.766742259452954
48.26098023788587
47.073864951173235
47.74957189799602
49.23635858749479
49.747766927384646
45.87633637247188
45.44360623871893
44.093349377516546
39.01397695191373
34.61262553802008
26.76678854075068
9.164853982505669
51.96001295876337
49.15189521914194
52.749109085018745
52.36150321655019
52.012079418706904
45.93418799463137
49.33817744249549
50.89438607858564
50.944138473642795
51.861665201092244
48.510899245614844
43.38061739251168
45.90989031332439
35.00717360114778
32.69542277965474
35.79511269495997
41.505067802101166
52.741009857916424
53.605313092979124
52.88448188087194
52.87291155644004
51.85703707131948
48.85916601101495
42.84491137131485
37.974961817929376
47.1560142546397
45.012033137409176
43.291525894386076
35.46998657842366
41.11861896607581
23.782801869764427
26.255380200860834
14.388855463507197
33.143194335169156
32.59244689221086
24.625121488406535
42.470032859721385
33.111954459203034
24.45272365437127
21.754523996852875
19.71120470217985
17.510528995233027
