51.67885407506827
33.332947655852266
35.58453279029944
41.988707363354465
51.02628777710927
51.80728467626232
51.84430971444439
53.27555884667006
53.95473689082242
52.822002128939694
52.54315731013097
49.390243902439025
51.05405655574582
50.284629981024665
47.80163835793956
48.60230480862683
47.23584949321979
44.608228814735966
43.32045170546582
35.400564631832275
43.88855463507197
55.58962373304948
54.97523950571575
53.17721108899893
53.45605590780765
53.77539686212801
53.22349238672652
50.87934465682417
54.25787939093812
49.04660526681168
48.013375295043275
48.60461887351321
48.705280696070716
49.60776600175869
49.70611375942981
44.34905354746147
43.357476743647894
32.27426297033369
48.691396306752445
53.99754709122043
51.18711528671264
50.44314342574165
52.293238302402
53.382005831443514
52.375387605868475
50.805294580460036
54.56102189105383
48.60924700328597
49.716527051418524
49.27569769056324
49.80214745221456
51.158189475632895
45.91220437821077
44.16277132410793
39.1412505206646
35.1506456241033
52.70051372240477
54.922016013329014
52.65423242467718
52.096542787059754
53.88068681445828
53.1135743046235
52.23191558291295
51.37686860739576
55.55838385708335
51.31901698523627
51.03554403665479
51.953070764104226
48.62313139260424
50.497523950571576
46.08344517980284
43.734669320127736
35.80205488961911
38.0964502244643
56.22136344703106
56.936409496922295
56.31624010737261
53.029110936270655
52.971259314111165
52.39968528717546
51.45786087841903
48.840653491923916
54.67093997315685
47.34461054287962
47.471884111630494
46.737168510205024
51.020502614893324
47.07617901605961
35.686351645300135
35.523210070810386
32.54847965936965
38.99662146526588
45.81038552321007
48.786272967094
44.16392835655112
43.75896700143472
40.994816494654515
33.80270282778729
25.853889943074005
23.125607442032674
