51.67885407506827
33.34336094784098
35.771972046096174
45.90526218355163
52.92844911371315
51.92530198546768
51.93340121257
53.43638635627344
54.21854028786968
53.51506456241033
52.78960522053039
50.180497061137594
51.25653723330402
50.459341879946315
47.91502753737215
48.69949553385477
47.57485999907438
44.6718655991114
41.28754570278151
34.06534919239135
44.06905169620956
56.12532975424631
55.11871152867126
53.368121442125236
53.677049104456884
54.20696996343778
53.65622252047948
51.16166057296246
54.86069329383996
48.23321145924932
46.93964918776323
47.5609756097561
47.74147267089369
48.750404961355116
49.92826398852224
43.461609663534965
43.16193826074883
32.29740361919748
48.712222890729855
54.06118387559587
51.20447077336049
50.49058175591243
52.35340398944787
53.43291525894386
52.37075947609571
50.64678113574305
54.74614708196418
48.68098301476373
49.80330448465775
49.3705743509048
49.87735456102189
51.255380200860834
45.88674966446059
44.20211042717638
39.20951543481279
35.24783634933124
52.850927940019446
54.99722312213634
52.70745591706392
52.15555144166243
53.96052205303836
53.155227472578325
52.26894062109502
51.32248808256583
55.694913685379746
51.42893506733929
51.10380895080298
52.02249271069561
48.706437728513905
50.563474799833386
46.136668672189565
43.845744434673946
35.862220576664974
38.15777294395335
56.18433840884899
56.9919470541954
56.3845050215208
53.100846947748416
53.05340861757764
52.514231499051235
51.52149766279447
48.85106678391262
55.033091127875224
47.447586430323504
47.596843615494976
46.840144397648906
51.07835423705281
47.23006433100384
35.89693154996066
35.7013930670616
32.50798352385801
39.07529967140279
45.566251677697046
48.72610728004813
44.25996204933587
44.41037626695052
41.54093580784005
34.297912713472485
27.945804600360997
30.05738880918221
