51.67885407506827
33.332947655852266
35.58453279029944
41.82093765909196
50.877030591937796
51.74017679455732
50.3818207062526
53.17721108899893
53.864488360253624
48.972555190447544
52.26778358865183
45.68658305178877
49.33586337760911
50.17702596380803
47.74147267089369
48.53288286203545
45.89253482667654
44.526079511269494
42.02688943397973
31.00037025038182
42.5695376498357
39.02091914657287
53.75341324570741
53.1251446290554
53.36465034479567
53.695561623547924
53.12283056416902
50.8087656777896
31.018882769472857
46.73948257509141
45.241125561160736
26.935715277456378
0.30661359744527233
0.5958717082426991
0.45008562040079597
1.5631508307492943
15.467209700560003
20.637987689174807
23.68908224186606
22.83519229879206
40.832831952607954
36.83875595871709
6.961864210672468
48.63585874947933
48.63123061970658
39.012819919470545
21.627250428102005
40.460267505900866
46.128569445087244
45.81038552321007
46.17022261304207
28.408617577636875
35.33229971768409
37.88702735224695
8.865182579719535
33.985513953811264
16.78969778312584
2.6125792567223587
30.464664229184983
2.1844772527421665
2.137038922571389
30.427639191002914
48.325774054704496
42.04771601795714
34.54667468875827
31.441199611237096
36.96140139769519
7.030129124820659
17.242097468413014
20.57897903457213
29.367797473041147
32.74748923959827
32.21872541306058
25.5507474429583
21.91072337668348
29.246309066506228
50.20595177488777
51.841995649558015
50.664136622390885
48.32345998981811
47.41171842458463
41.433331790623406
14.37612810663211
6.566159115101587
1.9241449530244827
1.8894339797287916
6.35673624288425
27.74910908501874
14.742907391123246
17.559124357846994
10.026843152682002
23.625445457490628
13.084879900032398
1.2738927199518675
32.65029851437034
24.82991623085111
12.410329985652798
11.060073124450408
14.838941083907992
10.886518257971954
