80.7215254315731
76.06215578284815
76.72744943768224
82.59707502198361
81.76054056555746
77.97241634655437
76.82579719535336
75.12148840653492
72.26477530429953
72.04956726986624
70.98856851946128
71.04179201184802
69.87318924422641
69.33401212570001
68.06590456796408
68.75202480677558
71.12972647753043
67.37978432915259
67.16110519738973
59.58138566205397
66.45068727727126
76.20447077336048
75.16661267181932
73.51899847271717
72.98676354884991
72.35270976998194
72.43833017077799
70.51997037996945
81.57310130976072
68.80756236404869
67.95367242097468
68.39797287915952
68.40144397648909
69.96806590456796
72.97750728930438
66.34539732494099
67.31846160966354
56.878557874762805
71.28823992224741
73.61040403572916
71.76493728884158
71.1227842828713
71.25931411116768
72.49155366316472
72.17221270884436
74.32197898829082
77.653075392234
69.0991345397325
69.76095709723701
68.96491877632249
69.82112278428288
76.3930670616004
66.81399546443282
66.46341463414635
62.82801869764428
60.27907622529736
74.11602721340307
74.98380154579534
72.99370574350905
72.93354005646319
73.01684639237284
72.18725413060582
71.32295089554312
73.28296385430647
78.40861757763687
71.32295089554312
70.16360438746703
71.3703892257139
69.43120285092795
76.90216133660388
68.30309621881797
69.30624334706346
61.01957698893877
61.828342666728375
77.77456379876891
77.40662748183459
76.97621141296803
73.1904012588513
72.6616374323136
71.90262414958116
71.17369371037164
71.90493821446753
79.19539963900588
68.41764243069376
68.1422687092146
67.77548942472347
74.10214282408478
69.39996297496181
59.62535289489518
61.07511454621187
57.2846762623224
62.79099365946222
70.05368630536401
74.10677095385755
66.20655343175824
69.43120285092795
66.38589346045262
62.24371731383348
56.632109964363394
55.80483176748277
