51.67885407506827
33.332947655852266
35.58453279029944
41.82093765909196
50.877030591937796
51.74017679455732
50.3818207062526
53.17721108899893
53.864488360253624
48.972555190447544
52.26778358865183
45.68658305178877
49.33817744249549
50.18281112602397
47.74725783310964
48.53288286203545
45.997824779006805
44.53417873837182
42.21317165733327
31.04433748322303
43.72425602813903
47.16874161151479
54.81788309344194
53.14250011570324
53.38547692877308
53.71407414263896
53.13787198593049
50.82265006710788
32.2846762623224
46.800805294580464
46.226917202758365
43.214004720692365
6.67144906743185
0.6074420326745962
0.49173878835562546
1.6186883880224001
15.499606608969316
20.68889711667515
27.96084602212246
23.48775859675105
41.25283472948581
46.28939695469061
45.85898088582404
48.646272041468045
48.63123061970658
39.73943629379368
32.387652149766275
44.88707363354468
46.26162817605406
45.81964178275559
46.174850742814826
32.652612579256726
43.716156801036696
37.898597676678854
8.868653677049105
34.00634053778868
16.798954042671358
2.618364418938307
46.76030915906882
14.69315499606609
2.1381959550145786
30.46003609941223
48.33040218447725
42.08126995880965
34.623038830008795
31.759383533114267
36.97875688434304
46.46410885361226
36.32734761882723
24.05701855880039
32.89327532744018
32.927986300735874
32.387652149766275
25.716203082334427
21.92113666867219
29.311102883324846
50.20595177488777
51.86050816864905
50.666450687277276
48.38246864442079
47.412875457027816
41.46688573147591
17.792844911371315
20.46443282269635
10.512796778821679
1.8894339797287916
6.360207340213819
27.879853751099184
17.49780163835794
17.592678298699497
10.39015133984357
23.746933864025547
23.907761373628915
1.2866200768269542
32.65145554681354
24.85074281482853
14.285879576063312
12.060906187809506
16.19498310732633
11.484704031101032
