51.67885407506827
33.332947655852266
35.58453279029944
41.82093765909196
50.877030591937796
51.76678854075069
51.618688388022406
53.26283148979497
53.93506733928819
52.79770444763271
52.48183459064192
49.18429212755125
51.02628777710927
50.25570416994493
47.793539130837225
48.57569306243347
47.05882352941176
44.57236080899708
41.05035405192762
33.62799092886565
43.80409126671912
51.861665201092244
52.808117739621416
53.16101263479428
53.43175822650067
53.74184292127552
53.18762438098764
50.85620400796038
53.18993844587402
48.940158282038226
48.020317489702414
48.608089970842784
48.674040820104594
49.573055028462996
49.51520340630351
44.340954320359145
43.07400379506641
32.18979960198084
48.072383949645946
53.9454806312769
51.08182533438238
50.34595270051372
52.273568750867774
53.33456750127274
52.31290785393622
48.91586060073124
51.36067015319109
48.58842041930856
49.68875827278197
49.28611098255195
49.79404822511223
44.752857870134676
45.53963993150368
42.901605961031144
29.799370574350903
34.79196556671449
40.17679455731939
39.691997963622896
52.179849122969415
52.06761697598
53.86564539269681
52.97588744388393
52.08844355995742
48.71569398805943
45.88790669690378
50.850418845744436
50.99967603091591
51.90447540149026
48.56643680288795
42.23284120886749
43.55532929143333
40.11431480538714
35.4873420650715
33.96005924006109
44.0424399500162
47.7854399037349
54.94284259730643
52.94811866524738
52.89489517286064
52.24348590734485
51.35719905586152
47.63271162123386
47.06923682140047
44.09566344240293
47.322626926459016
46.67931688804554
44.700791410191144
41.95283935761559
30.71342620447077
32.450131901698526
25.415374647105104
36.449993057805344
41.47614199102143
36.6686721895682
42.06275743971861
38.70504928958208
34.8023788587032
30.92169204424492
25.806451612903224
26.632572777340673
