51.67885407506827
33.332947655852266
35.58453279029944
41.82093765909196
50.877030591937796
51.74017679455732
50.3818207062526
53.17721108899893
53.864488360253624
48.972555190447544
52.26778358865183
45.68658305178877
49.33586337760911
50.17702596380803
47.73800157356412
48.52478363493312
43.62937936779747
40.916138288517615
13.15083074929421
11.108668487064378
42.449206275743975
4.023001804970612
30.219373351228768
53.027953903827466
53.324154209284025
53.65737955292267
53.05919377979359
50.77752580182349
21.52196047577174
0.2985143703429444
0.34248160318415327
0.27074559170639145
0.30198546767251355
0.525292729208127
0.4176887119914843
1.536539084555931
1.268107557735919
1.9831536076271579
0.6849632063683065
1.2819919470541954
1.3514138936455777
1.1512472809737586
0.8400055537557273
15.32605174249086
2.1694358309807007
1.8639792659786178
1.1500902485305688
1.9218308881381034
4.468459295598649
2.6056370620632205
2.825473226269265
5.874253714074143
16.999120655343177
37.83496089230342
8.696255843013837
28.712917110195768
1.9310871476836209
2.6033229971768406
2.4575369093349377
2.139352987457768
2.0872865275142316
25.18512519091035
30.65210348498172
2.032906002684315
1.6198454204655897
1.0656268801777202
2.3649743138797614
1.014717452677373
0.7717406396075346
0.3933910306845004
0.49520988568519464
0.5542185402878697
1.3398435692136808
1.840838617114824
1.2588512981904012
0.8886009163696951
0.7335585689822742
40.52853242004906
20.878650437358264
14.982413106863515
1.9519137316610358
3.4583699726940345
1.2611653630767807
1.8709214606377564
1.7968713842736148
1.8350534548988753
1.600175868931365
1.5978618040449855
1.5376961169991206
2.01439348359328
1.1732308973943628
0.9557087980746981
1.335215439440922
0.3818207062526033
0.5484333780719212
0.44082936085527835
1.0968667561438423
1.2160410977923821
3.833248484287499
1.2900911741565233
