51.67885407506827
33.332947655852266
35.58453279029944
41.82093765909196
50.877030591937796
51.74017679455732
50.3818207062526
53.17721108899893
53.864488360253624
48.98065441754987
52.28513907529967
48.78511593465081
50.95108066830194
50.218679131762855
47.77502661174619
48.55255241356968
46.402786134123204
44.5480631276901
42.96177164807701
34.935437589670016
43.741611514786875
55.004165316795486
54.909288656453924
53.14481418058963
53.4063035127505
53.72564446707086
53.15175637524876
50.82727819688064
36.12718100615541
48.269079464988195
47.48461146850558
47.74147267089369
44.811866524737354
32.959226176701996
24.777849770907576
35.876104965983245
15.612995788401907
21.154024158837416
28.814735965196466
41.74341648539825
43.41764243069376
46.534687832646824
48.38478270930717
50.29388624057019
48.65668533345675
43.82607488313972
45.51997037996946
47.06460869162771
47.73221641134817
49.22941639283566
49.74429583005507
43.813347526264636
45.41583746008238
37.94603600684963
8.904521682787985
34.5883278567131
18.693016152172905
2.619521451381497
49.98148748090897
52.024806775581986
53.84019067894664
52.84282871291711
48.50048595362614
43.553015226546954
38.01892905077058
47.28560188827694
48.782801869764434
51.86282223353543
47.44411533299394
32.54500856204008
43.31929467302263
36.005692599620495
35.133290137455454
26.947285601888275
38.1751284306012
45.606747813208685
53.57870134678576
52.88216781598556
52.852084972462634
52.08960059240061
51.3155458879067
45.821955847641966
35.792798630073584
43.47780811773962
43.547230064331
44.82806497894201
36.12255287638265
28.87027352246957
23.78395890220762
20.989725551904474
19.417318461609664
33.116582588975795
34.559402045633355
24.111399083630307
40.566714490674315
28.751099180821033
24.579997223122135
22.418660619243763
19.278474568426898
22.218494006571945
