100.0
100.0
100.0
97.11538461538461
64.8076923076923
0.0
7.5
97.11538461538461
49.23076923076923
0.0
22.884615384615383
97.11538461538461
33.84615384615385
0.0
38.26923076923077
97.11538461538461
18.461538461538463
0.0
53.65384615384615
97.11538461538461
3.076923076923077
0.0
69.03846153846153
84.8076923076923
0.0
0.0
81.53846153846153
72.3076923076923
0.0
0.0
96.92307692307692
56.92307692307692
0.0
15.192307692307692
97.11538461538461
41.53846153846154
0.0
30.57692307692308
97.11538461538461
26.153846153846157
0.0
45.96153846153846
97.11538461538461
10.76923076923077
0.0
61.346153846153854
92.5
0.0
0.0
76.73076923076924
77.11538461538461
0.0
0.0
89.23076923076924
64.61538461538461
0.0
7.5
97.11538461538461
49.23076923076923
0.0
22.884615384615383
97.11538461538461
33.84615384615385
0.0
38.26923076923077
97.11538461538461
18.461538461538463
0.0
53.65384615384615
97.11538461538461
3.076923076923077
0.0
69.03846153846153
84.8076923076923
0.0
0.0
81.53846153846153
72.3076923076923
0.0
0.0
96.92307692307692
56.92307692307692
0.0
15.192307692307692
97.11538461538461
41.53846153846154
0.0
30.57692307692308
97.11538461538461
26.153846153846157
0.0
45.96153846153846
97.11538461538461
10.76923076923077
0.0
61.346153846153854
92.5
0.0
0.0
76.73076923076924
