100,95.61739197323128,4.382608026768716
200,91.19440010769023,8.805599892309763
300,86.7675621622661,13.23243783773389
400,82.34072421684199,17.659275783158016
500,77.91388627141785,22.086113728582145
600,73.48704832599373,26.512951674006267
700,69.06021038056961,30.939789619430396
800,64.63721851502856,35.36278148497144
900,60.21230360954597,39.78769639045403
1000,55.785465664121844,44.214534335878156
1100,50.82979173477433,49.17020826522567
1200,45.672198611565165,54.327801388434835
1300,42.18765023749543,57.81234976250457
1400,38.7031018634257,61.2968981365743
1500,34.520489990577104,65.4795100094229
1600,30.541720351531705,69.4582796484683
1700,27.605238360800755,72.39476163919925
1800,21.59573854348955,78.40426145651045
1900,12.322839945385667,87.67716005461433
2000,3.8960789215592007,96.1039210784408
2100,3.848002923020711,96.15199707697928
