100,95.46162573796659,4.538374262033423
200,90.84632987827158,9.153670121728428
300,86.22911097863502,13.770889021364974
400,81.61958423876465,18.380415761235362
500,77.03121093825118,22.96878906174881
600,72.43514547797157,27.56485452202842
700,67.84100305763351,32.15899694236649
800,63.2257071979385,36.774292802061495
900,58.58925789888656,41.41074210111344
1000,53.91050172112075,46.089498278879255
1100,51.09324820676525,48.90675179323474
1200,49.67789080979212,50.322109190207875
1300,39.906924866829485,60.093075133170515
1400,34.822407261398816,65.17759273860118
1500,30.12634372415915,69.87365627584084
1600,36.837753120132305,63.16224687986769
1700,20.56306609488279,79.43693390511721
1800,14.457414280494607,85.5425857195054
1900,9.24212995903925,90.75787004096075
2000,3.8960789215592007,96.1039210784408
2100,3.848002923020711,96.15199707697928
