100,95.80584988750216,4.194150112497836
200,91.57516201611507,8.424837983884926
300,87.33870502490336,12.661294975096633
400,83.10994019345782,16.890059806542183
500,78.86579104247996,21.13420895752005
600,74.62933405126824,25.37066594873176
700,70.39287706005653,29.607122939943466
800,66.15642006884484,33.84357993115517
900,61.91996307763312,38.08003692236688
1000,57.68350608642141,42.31649391357858
1100,52.800907674852404,47.199092325147596
1200,47.60869983269552,52.39130016730448
1300,41.80496528912905,58.19503471087094
1400,37.73196669294821,62.26803330705179
1500,33.814734332032074,66.18526566796791
1600,29.860964212226687,70.13903578777331
1700,27.122555335474317,72.87744466452568
1800,22.361108440222303,77.6388915597777
1900,12.703601853810504,87.29639814618949
2000,3.8960789215592007,96.1039210784408
2100,3.848002923020711,96.15199707697928
