100,95.6135458933482,4.3864541066517955
200,91.19055402780715,8.809445972192842
300,86.19641929962886,13.803580700371146
400,81.57920039999232,18.420799600007694
500,76.96198150035576,23.038018499644238
600,72.34476260071922,27.655237399280786
700,67.72754370108267,32.27245629891733
800,63.110324801446126,36.889675198553874
900,58.493105901809585,41.506894098190415
1000,53.87588700217304,46.12411299782696
1100,49.06444106844099,50.93555893155901
1200,44.252995134708954,55.747004865291046
1300,39.445395280859984,60.554604719140016
1400,34.63394934712794,65.36605065287206
1500,29.826349493278975,70.17365050672102
1600,25.01490355954693,74.98509644045306
1700,31.98784638756947,68.01215361243052
1800,22.32841676121613,77.67158323878387
1900,12.66898713486279,87.33101286513721
2000,3.8960789215592007,96.1039210784408
2100,3.848002923020711,96.15199707697928
