100,95.61546893328975,4.384531066710256
200,91.1924770677487,8.807522932251304
300,86.20218841945348,13.79781158054653
400,81.58689255975847,18.413107440241532
500,76.97159670006346,23.02840329993654
600,72.35245476048537,27.647545239514628
700,67.73523586084883,32.26476413915117
800,63.13724736062768,36.86275263937232
900,58.52195150093268,41.47804849906733
1000,53.91050172112075,46.089498278879255
1100,49.64904521066902,50.35095478933097
1200,44.69529432126305,55.304705678736944
1300,39.46847176015846,60.531528239841535
1400,34.63394934712794,65.36605065287206
1500,29.826349493278975,70.17365050672102
1600,25.01490355954693,74.98509644045306
1700,21.326512951674008,78.673487048326
1800,15.530470567873694,84.4695294321263
1900,10.245956808522912,89.75404319147708
2000,3.8960789215592007,96.1039210784408
2100,3.848002923020711,96.15199707697928
