100,95.43278013884348,4.5672198611565165
200,90.81748427914847,9.182515720851523
300,86.20218841945348,13.79781158054653
400,81.59073863964154,18.409261360358457
500,76.98698101959577,23.013018980404222
600,72.00823061094978,27.99176938905021
700,67.00832676294687,32.991673237053135
800,62.03342243418396,37.96657756581604
900,57.00659602699948,42.99340397300052
1000,52.02399953847041,47.97600046152958
1100,47.226014884329146,52.773985115670854
1200,42.385723351474006,57.61427664852599
1300,37.61081517663122,62.38918482336878
1400,32.805138362723795,67.1948616372762
1500,27.999461548816367,72.00053845118363
1600,23.15917001596123,76.84082998403878
1700,18.38618488105998,81.61381511894002
1800,13.547816388146384,86.45218361185361
1900,8.740216534297417,91.25978346570258
2000,3.930693640506913,96.06930635949308
2100,3.848002923020711,96.15199707697928
