100,95.61739197323128,4.382608026768716
200,91.19440010769023,8.805599892309763
300,86.7675621622661,13.23243783773389
400,82.34072421684199,17.659275783158016
500,77.91388627141785,22.086113728582145
600,73.48704832599373,26.512951674006267
700,69.07367166016039,30.92632833983962
800,64.63337243514547,35.366627564854525
900,60.20653448972135,39.79346551027865
1000,55.77969654429723,44.220303455702776
1100,51.070171727466786,48.92982827253322
1200,45.91834772408223,54.08165227591777
1300,40.76652372069768,59.23347627930232
1400,35.04740293455895,64.95259706544105
1500,29.85519509240207,70.14480490759793
1600,24.662987250245187,75.33701274975482
1700,19.47077940808831,80.5292205919117
1800,14.278571565931426,85.72142843406859
1900,9.086363723774543,90.91363627622546
2000,3.8960789215592007,96.1039210784408
2100,3.848002923020711,96.15199707697928
