100,95.61931501317282,4.380684986827176
200,91.19632314763177,8.803676852368223
300,86.7675621622661,13.23243783773389
400,82.34072421684199,17.659275783158016
500,77.91388627141785,22.086113728582145
600,73.48704832599373,26.512951674006267
700,69.06021038056961,30.939789619430396
800,64.63337243514547,35.366627564854525
900,60.20653448972135,39.79346551027865
1000,55.77969654429723,44.220303455702776
1100,51.174015884309924,48.82598411569008
1200,46.11065171823619,53.889348281763816
1300,42.558796946212574,57.441203053787426
1400,37.96273148593296,62.03726851406704
1500,31.770542874175494,68.2294571258245
1600,26.96294302032653,73.03705697967347
1700,21.324589911732467,78.67541008826753
1800,15.563162246879866,84.43683775312013
1900,10.40172304378762,89.59827695621239
2000,3.8960789215592007,96.1039210784408
2100,3.848002923020711,96.15199707697928
