100,95.8270033268591,4.172996673140901
200,91.59631545547201,8.403684544527989
300,87.36178150420184,12.638218495798156
400,83.12724755293168,16.872752447068326
500,78.8927136016615,21.10728639833849
600,74.65048749062518,25.349512509374822
700,70.41403049941347,29.58596950058653
800,66.17757350820177,33.82242649179823
900,61.94111651699006,38.05888348300994
1000,57.72388992519375,42.276110074806255
1100,52.69129439818465,47.30870560181535
1200,47.68754447029865,52.31245552970135
1300,42.68379454241264,57.31620545758736
1400,37.351204784523375,62.648795215476625
1500,31.774388954058573,68.22561104594142
1600,26.197573123593777,73.80242687640623
1700,20.630372492836678,79.36962750716332
1800,15.04394146266418,84.95605853733582
1900,9.46712563219938,90.53287436780062
2000,3.8960789215592007,96.1039210784408
2100,3.848002923020711,96.15199707697928
