100,95.80777292744371,4.192227072556297
200,91.57323897617353,8.426761023826465
300,87.33678198496183,12.663218015038172
400,83.10032499375012,16.89967500624988
500,78.86386800253842,21.13613199746159
600,74.6274110113267,25.372588988673293
700,70.39095402011499,29.609045979885
800,66.1544970289033,33.84550297109671
900,61.91804003769158,38.08195996230842
1000,57.68158304647988,42.31841695352013
1100,53.1162862252649,46.8837137747351
1200,47.958693102055726,52.041306897944274
1300,42.25495663544932,57.74504336455068
1400,38.01657660429607,61.98342339570393
1500,31.88400223072633,68.11599776927368
1600,27.022557258514258,72.97744274148575
1700,21.44958750793254,78.55041249206745
1800,15.595853925886042,84.40414607411397
1900,9.992115536239687,90.00788446376032
2000,3.8960789215592007,96.1039210784408
2100,3.848002923020711,96.15199707697928
