100,95.61931501317282,4.380684986827176
200,91.19440010769023,8.805599892309763
300,86.7675621622661,13.23243783773389
400,82.34072421684199,17.659275783158016
500,77.91388627141785,22.086113728582145
600,73.48704832599373,26.512951674006267
700,69.06021038056961,30.939789619430396
800,64.63337243514547,35.366627564854525
900,60.266148727909076,39.73385127209092
1000,55.77969654429723,44.220303455702776
1100,50.85671429395588,49.14328570604412
1200,45.43181861887272,54.56818138112729
1300,44.33376281225361,55.66623718774639
1400,60.19307321013058,39.80692678986942
1500,51.333628199457706,48.666371800542294
1600,41.6761216130459,58.3238783869541
1700,32.0186150266341,67.9813849733659
1800,22.361108440222303,77.6388915597777
1900,12.703601853810504,87.29639814618949
2000,3.8960789215592007,96.1039210784408
2100,3.848002923020711,96.15199707697928
