100,95.43278013884348,4.5672198611565165
200,90.81748427914847,9.182515720851523
300,86.20218841945348,13.79781158054653
400,81.58689255975847,18.413107440241532
500,76.97159670006346,23.02840329993654
600,72.35630084036846,27.643699159631545
700,67.74100498067345,32.258995019326555
800,63.12570912097845,36.87429087902156
900,58.51041326128343,41.48958673871656
1000,53.895117401588436,46.104882598411564
1100,49.62981481125363,50.370185188746376
1200,44.62029576354301,55.379704236456995
1300,39.44154920097691,60.5584507990231
1400,33.89550200957674,66.10449799042325
1500,28.895598161573815,71.10440183842618
1600,24.070690948250995,75.929309051749
1700,19.566931405165285,80.43306859483471
1800,14.605488355993154,85.39451164400684
1900,9.155593161669968,90.84440683833003
2000,3.8960789215592007,96.1039210784408
2100,3.848002923020711,96.15199707697928
