100,95.61739197323128,4.382608026768716
200,91.1924770677487,8.807522932251304
300,86.20411145939502,13.79588854060499
400,81.58496951981692,18.415030480183074
500,76.96967366012191,23.03032633987808
600,72.38130035960847,27.61869964039153
700,67.767927539855,32.232072460145
800,63.14686256033538,36.85313743966462
900,58.53541278052346,41.46458721947655
1000,53.93165516047769,46.06834483952232
1100,54.310494028960974,45.68950597103902
1200,50.26057191207861,49.73942808792138
1300,41.08959443087633,58.91040556912367
1400,37.905040287686774,62.094959712313226
1500,35.412780523451474,64.58721947654853
1600,25.01490355954693,74.98509644045306
1700,20.691909770965943,79.30809022903405
1800,15.630468644833753,84.36953135516625
1900,9.605584507990232,90.39441549200977
2000,3.8960789215592007,96.1039210784408
2100,3.848002923020711,96.15199707697928
