100,95.61739197323128,4.382608026768716
200,91.19440010769023,8.805599892309763
300,86.7675621622661,13.23243783773389
400,82.34072421684199,17.659275783158016
500,77.91388627141785,22.086113728582145
600,73.48704832599373,26.512951674006267
700,69.06021038056961,30.939789619430396
800,64.63721851502856,35.36278148497144
900,60.21614968942905,39.78385031057095
1000,55.785465664121844,44.214534335878156
1100,50.849022134189724,49.150977865810276
1200,45.6933520509221,54.3066479490779
1300,42.21072671679391,57.789273283206086
1400,38.72810138266572,61.27189861733429
1500,33.787811772850525,66.21218822714948
1600,29.832118613103592,70.1678813868964
1700,27.091786696409688,72.90821330359032
1800,22.32841676121613,77.67158323878387
1900,12.66898713486279,87.33101286513721
2000,3.8960789215592007,96.1039210784408
2100,3.848002923020711,96.15199707697928
