100.0
100.0
100.0
97.11538461538461
64.8076923076923
0.0
7.5
97.11538461538461
49.23076923076923
0.0
22.884615384615383
97.11538461538461
33.84615384615385
0.0
38.26923076923077
97.11538461538461
18.461538461538463
0.0
49.03846153846153
95.57692307692308
0.0
0.0
4.615384615384616
15.384615384615385
0.0
0.0
76.92307692307693
67.6923076923077
0.0
0.0
15.384615384615385
0.0
0.0
10.576923076923077
97.11538461538461
36.92307692307693
0.0
0.0
15.384615384615385
0.0
0.0
41.34615384615385
97.11538461538461
6.153846153846154
0.0
0.0
15.384615384615385
0.0
0.0
72.11538461538461
72.5
0.0
0.0
15.384615384615385
0.0
0.0
2.8846153846153846
97.11538461538461
44.61538461538462
0.0
0.0
15.384615384615385
0.0
0.0
33.65384615384615
97.11538461538461
13.846153846153847
0.0
0.0
15.384615384615385
0.0
0.0
64.42307692307693
80.1923076923077
0.0
0.0
12.307692307692308
3.076923076923077
0.0
0.0
92.3076923076923
52.307692307692314
0.0
0.0
15.384615384615385
0.0
0.0
25.961538461538463
97.11538461538461
21.53846153846154
0.0
0.0
15.384615384615385
0.0
0.0
56.730769230769226
87.88461538461539
0.0
0.0
7.5
