100,95.99430780177303,4.005692198226957
200,91.95592392453992,8.044076075460087
300,87.90984788754062,12.090152112459377
400,83.86377185054134,16.136228149458663
500,79.81769581354204,20.18230418645795
600,75.77161977654275,24.22838022345724
700,72.30245572200535,27.697544277994652
800,67.67946770254419,32.32053229745582
900,63.63339166554489,36.36660833445511
1000,59.5873156285456,40.4126843714544
1100,54.6758716178535,45.3241283821465
1200,49.32789754043191,50.67210245956808
1300,43.40493452048999,56.59506547951001
1400,37.351204784523375,62.648795215476625
1500,31.774388954058573,68.22561104594142
1600,26.197573123593777,73.80242687640623
1700,20.620757293128978,79.37924270687103
1800,15.04394146266418,84.95605853733582
1900,9.46712563219938,90.53287436780062
2000,3.8960789215592007,96.1039210784408
2100,3.848002923020711,96.15199707697928
