100,95.63854541258821,4.361454587411781
200,91.21555354704716,8.784446452952828
300,86.78871560162304,13.211284398376954
400,82.36187765619893,17.63812234380108
500,77.93503971077479,22.06496028922521
600,73.50820176535066,26.491798234649334
700,69.08136381992655,30.91863618007346
800,64.65452587450241,35.34547412549759
900,60.227687929078286,39.772312070921714
1000,55.82777254283572,44.17222745716429
1100,51.225937962731486,48.774062037268514
1200,52.502836483913775,47.497163516086225
1300,44.829907117170826,55.17009288282918
1400,39.410780561912276,60.589219438087724
1500,35.65508355608546,64.34491644391454
1600,28.99559623853387,71.00440376146612
1700,21.151516316993906,78.8484836830061
1800,14.792023230322492,85.2079767696775
1900,9.432510913251669,90.56748908674834
2000,3.8960789215592007,96.1039210784408
2100,3.848002923020711,96.15199707697928
