100,95.81354204726831,4.186457952731678
200,91.58285417588124,8.417145824118768
300,87.3502432645526,12.649756735447395
400,83.10994019345782,16.890059806542183
500,78.8734832022461,21.12651679775389
600,74.62933405126824,25.37066594873176
700,70.4005692198227,29.599430780177304
800,66.16988134843561,33.8301186515644
900,61.923809157516196,38.0761908424838
1000,57.69119824618757,42.308801753812425
1100,52.768215995846234,47.231784004153766
1200,47.58754639333859,52.412453606661416
1300,41.70112113228592,58.29887886771409
1400,37.48966366031423,62.51033633968578
1500,33.614738178111956,66.38526182188804
1600,29.122516874675487,70.87748312532452
1700,26.03219168862137,73.96780831137862
1800,22.361108440222303,77.6388915597777
1900,13.257437356973906,86.7425626430261
2000,3.8960789215592007,96.1039210784408
2100,3.848002923020711,96.15199707697928
