100,95.42893405896041,4.5710659410395955
200,90.8136381992654,9.1863618007346
300,86.19641929962886,13.803580700371146
400,81.57920039999232,18.420799600007694
500,76.96198150035576,23.038018499644238
600,71.97553893194362,28.024461068056382
700,66.98909636353147,33.010903636468534
800,61.99111555547009,38.00888444452991
900,57.0219803465318,42.9780196534682
1000,52.02015345858734,47.97984654141266
1100,47.21063056479683,52.78936943520317
1200,42.37995423164939,57.620045768350614
1300,37.56850829791735,62.43149170208265
1400,32.76283148400992,67.23716851599008
1500,27.93600123074556,72.06399876925444
1600,23.128401376896598,76.8715986231034
1700,18.320801523047635,81.67919847695237
1800,13.513201669198668,86.48679833080134
1900,8.705601815349704,91.29439818465029
2000,3.8960789215592007,96.1039210784408
2100,3.848002923020711,96.15199707697928
