100,95.42893405896041,4.5710659410395955
200,90.8136381992654,9.1863618007346
300,86.19641929962886,13.803580700371146
400,81.57920039999232,18.420799600007694
500,76.96198150035576,23.038018499644238
600,72.34476260071922,27.655237399280786
700,67.72754370108267,32.27245629891733
800,63.110324801446126,36.889675198553874
900,58.493105901809585,41.506894098190415
1000,53.87588700217304,46.12411299782696
1100,48.97982731101325,51.020172688986754
1200,44.266456414299725,55.733543585700275
1300,39.80884982981097,60.19115017018903
1400,35.04547989461741,64.95452010538258
1500,29.85519509240207,70.14480490759793
1600,28.45522201496125,71.54477798503875
1700,30.989788657910424,69.01021134208958
1800,21.945731812849754,78.05426818715024
1900,12.478606180650372,87.52139381934963
2000,3.8960789215592007,96.1039210784408
2100,3.848002923020711,96.15199707697928
