100,95.80584988750216,4.194150112497836
200,91.57516201611507,8.424837983884926
300,87.33870502490336,12.661294975096633
400,83.10224803369167,16.89775196630834
500,78.86579104247996,21.13420895752005
600,74.62933405126824,25.37066594873176
700,70.39287706005653,29.607122939943466
800,66.15642006884484,33.84357993115517
900,61.91996307763312,38.08003692236688
1000,57.68350608642141,42.31649391357858
1100,52.968212149766345,47.03178785023365
1200,47.81446510644026,52.18553489355974
1300,42.08572912059383,57.91427087940616
1400,36.19930385954117,63.80069614045883
1500,30.814792023230325,69.18520797676968
1600,25.430280186919486,74.56971981308051
1700,20.045768350608643,79.95423164939136
1800,14.661256514297802,85.3387434857022
1900,9.276744677986962,90.72325532201305
2000,3.8960789215592007,96.1039210784408
2100,3.848002923020711,96.15199707697928
