100,95.43662621872656,4.563373781273437
200,90.81940731909002,9.180592680909982
300,86.20411145939502,13.79588854060499
400,81.58689255975847,18.413107440241532
500,76.97544277994653,23.02455722005346
600,72.36399300013461,27.636006999865387
700,67.76023538008884,32.239764619911156
800,63.14493952039384,36.85506047960616
900,58.51233630122498,41.48766369877502
1000,53.91050172112075,46.089498278879255
1100,48.933674352416304,51.066325647583696
1200,44.074152420145765,55.925847579854235
1300,39.64923751466318,60.350762485336816
1400,34.89548277917732,65.10451722082267
1500,29.8955789311744,70.1044210688256
1600,28.751370165958345,71.24862983404165
1700,19.26501413434357,80.73498586565643
1800,14.24587988692525,85.75412011307475
1900,9.05174900482683,90.94825099517317
2000,3.8960789215592007,96.1039210784408
2100,3.848002923020711,96.15199707697928
