100,95.42893405896041,4.5710659410395955
200,90.8136381992654,9.1863618007346
300,86.19641929962886,13.803580700371146
400,81.57920039999232,18.420799600007694
500,76.9639045402973,23.0360954597027
600,71.9793850118267,28.020614988173303
700,66.98717332358993,33.012826676410064
800,61.97957731582085,38.02042268417915
900,57.012365146824095,42.9876348531759
1000,51.97976961981501,48.020230380185
1100,47.16447760619988,52.83552239380012
1200,42.35687775235092,57.64312224764908
1300,37.549277898501956,62.450722101498044
1400,32.741678044652986,67.25832195534701
1500,27.934078190804023,72.06592180919597
1600,23.12647833695506,76.87352166304494
1700,18.318878483106094,81.68112151689391
1800,13.511278629257129,86.48872137074287
1900,8.703678775408164,91.29632122459184
2000,3.8960789215592007,96.1039210784408
2100,3.848002923020711,96.15199707697928
