100,95.45008749831734,4.54991250168266
200,90.83479163862233,9.165208361377667
300,86.2175727389858,13.78242726101421
400,81.60035383934924,18.399646160650757
500,76.9831349397127,23.0168650602873
600,71.9793850118267,28.020614988173303
700,66.991019403473,33.00898059652699
800,61.99303859541163,38.006961404588374
900,56.99505778735025,43.00494221264975
1000,51.9893848195227,48.0106151804773
1100,47.572162073806275,52.42783792619373
1200,42.5261052672064,57.473894732793596
1300,37.82811869002519,62.17188130997481
1400,32.93782811869003,67.06217188130998
1500,28.143689544431837,71.85631045556816
1600,23.34955097017365,76.65044902982635
1700,18.684256071998615,81.31574392800138
1800,13.828580219611162,86.17141978038883
1900,9.14597796196227,90.85402203803773
2000,3.9056941212668983,96.0943058787331
2100,3.848002923020711,96.15199707697928
