100,95.61739197323128,4.382608026768716
200,91.19440010769023,8.805599892309763
300,86.7675621622661,13.23243783773389
400,82.3464933366666,17.6535066633334
500,77.91388627141785,22.086113728582145
600,72.74667794850099,27.25332205149901
700,67.55447010634411,32.44552989365589
800,62.377646583719546,37.622353416280454
900,57.34889713659352,42.65110286340647
1000,51.98169265975654,48.01830734024345
1100,47.87984846445261,52.1201515355474
1200,44.04338378108113,55.95661621891887
1300,41.74535105094132,58.25464894905868
1400,41.98957712351686,58.01042287648315
1500,43.25686044499144,56.74313955500856
1600,33.92242456875829,66.07757543124171
1700,24.111074787023327,75.88892521297667
1800,15.057402742254958,84.94259725774505
1900,8.703678775408164,91.29632122459184
2000,3.8960789215592007,96.1039210784408
2100,3.848002923020711,96.15199707697928
