100,95.62123805311437,4.378761946885637
200,91.19824618757332,8.801753812426684
300,86.7675621622661,13.23243783773389
400,82.34457029672507,17.655429703274937
500,77.92542451106709,22.074575488932904
600,73.50243264552606,26.49756735447395
700,69.0698255802773,30.9301744197227
800,64.64491067479472,35.355089325205284
900,60.22576488913675,39.77423511086325
1000,55.82200342301109,44.1779965769889
1100,50.68171765927578,49.31828234072422
1200,46.11065171823619,53.889348281763816
1300,40.77036980058076,59.22963019941923
1400,38.67810234418569,61.321897655814304
1500,31.46670256341224,68.53329743658776
1600,26.064883367627544,73.93511663237246
1700,20.722678410030575,79.27732158996942
1800,15.663160323839925,84.33683967616007
1900,9.709428664833368,90.29057133516663
2000,3.8960789215592007,96.1039210784408
2100,3.848002923020711,96.15199707697928
