100.0
100.0
100.0
84.8
76.9
100.0
100.0
69.4
92.3
100.0
100.0
61.7
100.0
100.0
100.0
61.7
100.0
100.0
100.0
61.7
100.0
100.0
100.0
61.7
100.0
100.0
92.5
69.2
100.0
100.0
77.1
84.6
100.0
100.0
61.7
100.0
100.0
100.0
61.7
100.0
100.0
100.0
61.7
100.0
100.0
100.0
61.7
100.0
100.0
100.0
61.7
100.0
100.0
84.8
76.9
100.0
100.0
69.4
92.3
100.0
100.0
61.7
100.0
100.0
100.0
61.7
100.0
100.0
100.0
61.7
100.0
100.0
100.0
61.7
100.0
100.0
92.5
69.2
100.0
100.0
77.1
84.6
100.0
100.0
61.7
100.0
100.0
100.0
61.7
100.0
100.0
100.0
61.7
100.0
100.0
100.0
61.7
100.0
100.0
100.0