100.00
100.00
98.67
100.00
44.10
0.00
0.00
62.54
98.67
100.00
33.92
0.15
0.00
72.57
98.67
100.00
23.89
0.15
0.00
82.60
98.67
100.00
13.86
0.15
0.00
92.63
98.67
100.00
3.83
0.15
2.65
100.00
98.67
93.81
0.00
0.15
12.68
100.00
98.67
83.78
0.00
0.15
22.71
100.00
98.67
73.75
0.00
0.15
32.74
100.00
98.67
63.72
0.00
0.15
42.77
100.00
98.67
53.69
0.15
0.00
52.80
98.67
100.00
43.66
0.15
0.00
62.83
98.67
100.00
33.63
0.15
0.00
72.86
98.67
100.00
23.60
0.15
0.00
0.00
30.53
46.17
12.98
6.19
22.86
63.86
28.02
10.32
15.63
55.31
35.84
14.45
46.31
48.38
9.00
14.01
61.80
45.87
9.88
5.75
12.39
