100.00
100.00
98.67
100.00
100.00
98.67
100.00
100.00
98.67
100.00
100.00
98.67
100.00
100.00
98.67
100.00
100.00
98.67
100.00
100.00
98.67
100.00
100.00
98.67
100.00
100.00
98.67
100.00
100.00
98.67
100.00
100.00
98.67
100.00
100.00
98.67
100.00
100.00
98.67
100.00
100.00
98.67
100.00
100.00
98.67
100.00
100.00
98.67
100.00
100.00
98.67
100.00
100.00
98.67
100.00
100.00
98.67
100.00
99.85
98.82
100.00
98.67
100.00
100.00
98.67
100.00
100.00
98.67
100.00
100.00
98.67
100.00
100.00
98.67
100.00
100.00
95.43
54.28
51.92
44.69
46.17
13.86
6.64
21.09
61.21
29.06
9.88
7.37
53.24
39.38
17.55
44.54
48.38
10.91
15.04
61.06
47.20
10.62
5.75
11.65
