100.0
100.0
98.37758112094396
100.0
42.772861356932154
98.37758112094396
100.0
42.62536873156343
98.37758112094396
100.0
4.71976401179941
1.7699115044247788
0.14749262536873156
43.067846607669615
95.13274336283186
94.69026548672566
0.0
5.014749262536873
0.0
53.09734513274337
95.13274336283186
84.66076696165192
0.0
8.259587020648967
0.0
63.12684365781711
95.13274336283186
74.63126843657817
0.0
8.259587020648967
0.0
73.15634218289085
95.13274336283186
64.60176991150442
0.0
8.259587020648967
0.0
83.1858407079646
95.13274336283186
54.572271386430685
0.0
8.259587020648967
0.0
93.21533923303835
95.13274336283186
44.54277286135693
0.0
8.259587020648967
3.2448377581120944
100.0
95.13274336283186
34.51327433628318
0.0
8.259587020648967
13.274336283185843
100.0
95.13274336283186
24.48377581120944
8.259587020648967
0.0
23.303834808259587
95.13274336283186
100.0
14.454277286135694
8.259587020648967
0.0
33.33333333333333
95.13274336283186
100.0
4.424778761061947
8.259587020648967
0.0
43.36283185840708
95.13274336283186
94.3952802359882
0.0
8.259587020648967
0.0
0.0
1.0324483775811208
46.16519174041298
14.306784660766962
6.489675516224189
6.047197640117994
53.2448377581121
33.1858407079646
9.43952802359882
7.079646017699115
34.80825958702065
35.54572271386431
14.15929203539823
28.023598820058996
47.640117994100294
8.849557522123893
13.421828908554573
47.935103244837755
40.85545722713864
6.489675516224189
5.604719764011799
11.504424778761061
