100.0
100.0
99.85250737463127
100.0
100.0
99.85250737463127
100.0
100.0
99.85250737463127
100.0
100.0
51.03244837758112
90.56047197640117
100.0
75.07374631268436
95.87020648967551
100.0
70.35398230088495
100.0
100.0
70.94395280235987
100.0
100.0
70.35398230088495
100.0
100.0
70.94395280235987
100.0
99.70501474926253
70.79646017699115
100.0
100.0
70.94395280235987
99.70501474926253
100.0
70.64896755162242
100.0
100.0
70.94395280235987
100.0
100.0
70.35398230088495
100.0
100.0
70.64896755162242
100.0
100.0
70.94395280235987
100.0
99.70501474926253
70.64896755162242
100.0
100.0
70.94395280235987
100.0
99.70501474926253
70.64896755162242
100.0
99.85250737463127
70.79646017699115
100.0
94.83775811209439
76.10619469026548
99.70501474926253
89.82300884955751
80.8259587020649
100.0
84.80825958702066
86.13569321533923
99.70501474926253
79.79351032448378
90.85545722713864
100.0
74.77876106194691
96.16519174041298
99.70501474926253
69.76401179941003
61.504424778761056
63.12684365781711
53.53982300884957
56.78466076696165
57.66961651917404
59.43952802359882
59.29203539823009
61.504424778761056
61.06194690265486
59.882005899705014
60.17699115044248
63.27433628318584
73.59882005899705
96.46017699115043
85.10324483775811
64.15929203539822
92.77286135693215
68.28908554572271
69.32153392330383
64.0117994100295
11.061946902654867
5.899705014749262
11.209439528023598
