100.0
100.0
98.96755162241888
100.0
100.0
98.96755162241888
100.0
100.0
98.96755162241888
100.0
63.12684365781711
0.14749262536873156
2.0648967551622417
100.0
75.07374631268436
8.259587020648967
100.0
68.87905604719764
12.094395280235988
100.0
65.04424778761062
18.289085545722713
100.0
58.849557522123895
22.123893805309734
100.0
55.014749262536874
28.31858407079646
100.0
48.82005899705015
32.15339233038348
100.0
44.985250737463126
38.34808259587021
100.0
38.7905604719764
42.18289085545723
100.0
34.95575221238938
48.37758112094395
98.82005899705014
29.941002949852507
52.21238938053098
100.0
24.926253687315633
57.227138643067846
100.0
19.911504424778762
62.38938053097345
100.0
14.896755162241886
67.40412979351032
100.0
9.882005899705016
72.27138643067846
100.0
4.867256637168142
77.28613569321534
99.85250737463127
0.0
82.44837758112095
94.83775811209439
0.0
87.46312684365782
89.82300884955751
0.0
92.33038348082596
84.80825958702066
0.0
97.34513274336283
79.79351032448378
2.5073746312684366
100.0
74.77876106194691
7.52212389380531
100.0
69.76401179941003
0.0
15.339233038348082
45.42772861356932
46.607669616519175
47.49262536873156
51.76991150442478
54.424778761061944
57.37463126843658
57.817109144542776
53.09734513274337
57.52212389380531
56.19469026548673
60.766961651917406
88.20058997050147
81.26843657817109
58.849557522123895
76.10619469026548
62.38938053097345
63.716814159292035
46.312684365781706
6.047197640117994
5.162241887905605
10.914454277286136
