100.0
100.0
98.67256637168141
100.0
100.0
98.67256637168141
100.0
100.0
85.39823008849558
0.0
67.2566371681416
80.08849557522124
0.0
72.56637168141593
75.07374631268436
0.0
77.87610619469027
70.0589970501475
0.0
82.7433628318584
65.04424778761062
0.0
87.75811209439527
60.02949852507374
0.0
92.77286135693215
55.014749262536874
0.0
97.78761061946902
50.0
2.8023598820058995
100.0
44.985250737463126
7.817109144542774
100.0
39.97050147492625
12.831858407079647
100.0
34.95575221238938
17.846607669616517
100.0
29.941002949852507
22.86135693215339
100.0
24.926253687315633
27.876106194690266
100.0
19.911504424778762
32.89085545722713
100.0
14.896755162241886
37.905604719764014
100.0
9.882005899705016
42.92035398230089
100.0
4.867256637168142
47.935103244837755
99.85250737463127
0.0
52.94985250737463
94.83775811209439
0.0
57.9646017699115
89.82300884955751
0.0
62.979351032448385
84.80825958702066
0.0
67.99410029498524
79.79351032448378
0.0
73.00884955752213
74.77876106194691
0.0
78.023598820059
69.76401179941003
0.0
0.0
30.973451327433626
46.46017699115044
47.1976401179941
51.76991150442478
52.8023598820059
58.25958702064897
57.66961651917404
52.8023598820059
57.52212389380531
55.309734513274336
60.766961651917406
88.20058997050147
74.48377581120944
58.70206489675516
75.95870206489676
62.38938053097345
63.716814159292035
44.83775811209439
5.899705014749262
5.162241887905605
10.914454277286136
