100.0
100.0
99.26253687315634
100.0
100.0
99.26253687315634
100.0
100.0
99.26253687315634
100.0
92.33038348082596
0.14749262536873156
31.563421828908556
100.0
75.07374631268436
37.46312684365782
100.0
69.1740412979351
41.5929203539823
100.0
65.04424778761062
47.49262536873156
100.0
59.14454277286135
51.62241887905604
100.0
55.014749262536874
57.52212389380531
99.11504424778761
50.0
61.6519174041298
100.0
44.985250737463126
66.66666666666666
100.0
39.97050147492625
71.82890855457227
100.0
34.95575221238938
76.84365781710915
100.0
29.941002949852507
81.71091445427729
100.0
24.926253687315633
86.72566371681415
100.0
19.911504424778762
91.88790560471976
100.0
14.896755162241886
96.90265486725663
100.0
11.651917404129794
100.0
100.0
11.651917404129794
100.0
99.85250737463127
11.946902654867257
100.0
94.83775811209439
16.96165191740413
100.0
89.82300884955751
21.828908554572273
100.0
84.80825958702066
26.843657817109147
100.0
79.79351032448378
32.00589970501475
100.0
74.77876106194691
37.02064896755162
100.0
69.76401179941003
0.0
44.985250737463126
45.72271386430678
47.78761061946903
48.23008849557522
52.8023598820059
54.424778761061944
58.55457227138643
58.4070796460177
53.09734513274337
57.66961651917404
58.25958702064897
61.799410029498524
88.49557522123894
84.51327433628319
58.849557522123895
77.43362831858407
63.421828908554566
65.63421828908554
48.23008849557522
6.047197640117994
5.162241887905605
10.914454277286136
