100.0
100.0
97.78761061946902
56.48967551622419
0.0
66.66666666666666
51.32743362831859
0.0
71.68141592920354
46.312684365781706
0.0
76.69616519174042
41.29793510324484
0.0
4.71976401179941
0.0
0.0
86.72566371681415
31.268436578171094
0.0
4.71976401179941
0.0
0.0
96.7551622418879
21.238938053097346
0.0
4.71976401179941
0.0
8.997050147492626
97.78761061946902
11.209439528023598
0.0
4.71976401179941
0.0
19.02654867256637
97.78761061946902
1.1799410029498525
0.0
4.71976401179941
0.0
29.056047197640115
88.93805309734513
0.0
0.0
4.71976401179941
0.0
39.08554572271387
78.90855457227138
0.0
0.0
4.71976401179941
0.0
49.11504424778761
68.87905604719764
0.0
0.0
4.71976401179941
0.0
58.99705014749262
58.99705014749262
0.0
4.71976401179941
0.0
0.0
66.96165191740413
51.03244837758112
0.0
4.71976401179941
0.0
0.0
76.99115044247787
41.00294985250738
0.0
4.71976401179941
0.0
0.0
84.070796460177
74.18879056047197
42.18289085545723
45.42772861356932
43.067846607669615
76.99115044247787
42.62536873156343
27.728613569321535
14.749262536873156
45.57522123893805
26.10619469026549
0.8849557522123894
3.8348082595870205
36.87315634218289
31.268436578171094
7.374631268436578
22.566371681415927
36.13569321533923
11.504424778761061
6.784660766961652
26.843657817109147
12.979351032448378
10.619469026548673
22.271386430678465
