100.0
100.0
99.85250737463127
100.0
100.0
99.85250737463127
100.0
100.0
99.85250737463127
100.0
100.0
70.94395280235987
100.0
100.0
85.69321533923303
100.0
100.0
85.10324483775811
100.0
100.0
85.69321533923303
100.0
100.0
85.10324483775811
100.0
100.0
85.69321533923303
99.70501474926253
100.0
85.69321533923303
99.70501474926253
100.0
85.69321533923303
100.0
99.70501474926253
85.39823008849558
100.0
100.0
85.69321533923303
100.0
100.0
85.10324483775811
100.0
100.0
85.39823008849558
100.0
100.0
85.69321533923303
100.0
99.70501474926253
85.54572271386431
100.0
100.0
85.69321533923303
99.70501474926253
100.0
85.39823008849558
100.0
99.85250737463127
85.84070796460178
100.0
94.54277286135692
90.7079646017699
100.0
89.82300884955751
95.57522123893806
100.0
85.69321533923303
99.70501474926253
100.0
85.69321533923303
100.0
100.0
85.10324483775811
100.0
100.0
82.44837758112095
86.8731563421829
83.6283185840708
97.1976401179941
68.43657817109144
85.9882005899705
88.34808259587021
84.51327433628319
100.0
99.85250737463127
90.2654867256637
93.21533923303835
86.57817109144543
99.5575221238938
98.23008849557522
98.96755162241888
96.7551622418879
99.11504424778761
97.05014749262537
99.85250737463127
83.1858407079646
22.271386430678465
15.339233038348082
13.421828908554573
