100.0
100.0
99.5575221238938
100.0
100.0
99.5575221238938
100.0
100.0
99.5575221238938
100.0
100.0
21.68141592920354
61.06194690265486
100.0
75.07374631268436
66.66666666666666
100.0
69.46902654867256
71.09144542772862
100.0
65.04424778761062
76.69616519174042
100.0
59.43952802359882
81.12094395280236
100.0
55.014749262536874
86.72566371681415
99.41002949852508
50.0
91.29793510324484
100.0
44.985250737463126
96.16519174041298
100.0
41.740412979351035
99.41002949852508
100.0
41.740412979351035
99.41002949852508
100.0
41.150442477876105
100.0
100.0
41.740412979351035
99.41002949852508
100.0
41.29793510324484
100.0
100.0
41.150442477876105
100.0
100.0
41.740412979351035
99.41002949852508
100.0
41.150442477876105
100.0
99.85250737463127
41.88790560471977
99.41002949852508
94.83775811209439
46.312684365781706
100.0
89.82300884955751
51.32743362831859
100.0
84.80825958702066
56.342182890855455
100.0
79.79351032448378
61.35693215339233
100.0
74.77876106194691
66.3716814159292
100.0
69.76401179941003
22.86135693215339
53.2448377581121
47.78761061946903
50.0
49.70501474926254
54.572271386430685
55.75221238938053
58.99705014749262
58.99705014749262
54.572271386430685
57.817109144542776
58.55457227138643
64.0117994100295
89.97050147492625
83.92330383480827
60.32448377581121
80.23598820058997
64.15929203539822
67.2566371681416
51.91740412979351
6.1946902654867255
5.162241887905605
10.914454277286136
