100.0
100.0
95.28023598820059
0.0
0.0
0.0
0.0
0.0
0.14749262536873156
0.0
0.0
0.14749262536873156
0.0
0.0
0.14749262536873156
0.0
0.0
0.14749262536873156
0.0
0.0
0.14749262536873156
0.0
0.0
0.14749262536873156
0.0
0.0
0.14749262536873156
0.0
0.0
0.14749262536873156
0.0
0.0
0.14749262536873156
0.0
0.0
0.14749262536873156
0.0
0.0
0.14749262536873156
0.0
0.0
0.14749262536873156
0.0
0.0
0.14749262536873156
0.0
0.0
0.14749262536873156
0.0
0.0
0.14749262536873156
0.0
0.0
0.14749262536873156
0.0
0.0
0.14749262536873156
0.0
0.14749262536873156
0.0
0.0
0.14749262536873156
0.0
0.0
0.14749262536873156
0.0
0.0
0.14749262536873156
0.0
0.0
0.14749262536873156
0.0
0.0
0.14749262536873156
0.0
0.0
0.14749262536873156
0.0
0.0
0.0
0.0
0.0
0.0
0.0
0.0
0.0
0.0
0.0
0.0
0.4424778761061947
12.831858407079647
5.899705014749262
7.52212389380531
8.259587020648967
11.061946902654867
6.342182890855458
20.206489675516224
4.424778761061947
5.3097345132743365
11.35693215339233
