100.0
100.0
97.49262536873157
27.286135693215343
0.0
36.87315634218289
22.123893805309734
0.0
41.88790560471977
17.10914454277286
0.0
46.902654867256636
9.587020648967552
0.0
49.11504424778761
1.7699115044247788
0.0
13.569321533923304
0.0
0.0
50.737463126843664
0.0
0.0
13.569321533923304
0.0
0.0
50.737463126843664
0.0
0.0
13.569321533923304
0.0
0.0
50.737463126843664
0.0
0.0
13.569321533923304
0.0
0.0
50.737463126843664
0.0
0.0
13.569321533923304
0.0
1.7699115044247788
48.96755162241888
0.0
5.3097345132743365
8.259587020648967
0.0
11.799410029498524
38.93805309734513
0.0
5.3097345132743365
8.259587020648967
0.0
21.828908554572273
28.908554572271388
0.0
8.112094395280236
5.457227138643068
0.0
29.35103244837758
21.386430678466077
0.0
8.259587020648967
5.3097345132743365
0.0
39.38053097345133
11.35693215339233
0.0
8.259587020648967
5.3097345132743365
0.0
49.41002949852507
1.3274336283185841
0.0
11.209439528023598
3.687315634218289
0.14749262536873156
0.0
0.0
3.392330383480826
0.14749262536873156
0.0
0.0
3.392330383480826
8.112094395280236
6.637168141592921
7.227138643067847
11.504424778761061
12.831858407079647
5.899705014749262
10.619469026548673
11.946902654867257
11.35693215339233
7.374631268436578
21.976401179941004
4.424778761061947
5.3097345132743365
11.35693215339233
