100.0
100.0
98.08259587020649
85.69321533923303
0.0
96.46017699115043
80.53097345132744
3.392330383480826
98.08259587020649
75.51622418879056
0.0
74.92625368731564
38.93805309734513
13.421828908554573
98.08259587020649
65.48672566371681
0.0
2.0648967551622417
2.0648967551622417
23.451327433628318
65.04424778761062
52.50737463126843
0.0
40.117994100294986
0.0
33.6283185840708
62.09439528023599
45.42772861356932
24.041297935103245
52.06489675516224
0.0
43.657817109144545
62.09439528023599
35.39823008849557
25.221238938053098
62.09439528023599
5.014749262536873
52.50737463126843
8.997050147492626
23.451327433628318
35.25073746312684
57.07964601769911
0.0
52.50737463126843
17.10914454277286
15.339233038348082
45.28023598820059
47.050147492625364
0.0
56.19469026548673
42.62536873156343
5.3097345132743365
64.15929203539822
37.02064896755162
0.0
85.69321533923303
57.37463126843658
0.0
36.13569321533923
0.0
0.0
88.64306784660766
52.50737463126843
0.0
36.13569321533923
0.0
3.8348082595870205
84.80825958702066
52.50737463126843
0.0
65.19174041297934
29.056047197640115
13.864306784660767
47.640117994100294
23.451327433628318
0.0
65.19174041297934
27.43362831858407
0.2949852507374631
0.4424778761061947
17.404129793510325
46.902654867256636
16.519174041297934
5.457227138643068
17.404129793510325
49.11504424778761
22.86135693215339
6.489675516224189
6.932153392330384
60.02949852507374
35.39823008849557
5.752212389380531
47.49262536873156
40.41297935103245
12.684365781710916
18.73156342182891
42.18289085545723
5.457227138643068
5.014749262536873
10.914454277286136
