50.19011406844106
80.98859315589354
63.11787072243346
63.11787072243346
59.31558935361216
66.15969581749049
31.55893536121673
40.68441064638783
33.07984790874524
67.68060836501901
50.950570342205324
31.55893536121673
30.038022813688215
38.40304182509506
61.59695817490495
48.669201520912544
33.460076045627375
17.870722433460077
13.307984790874524
35.741444866920155
11.02661596958175
1.9011406844106464
2.2813688212927756
23.193916349809886
39.163498098859314
7.604562737642586
1.9011406844106464
38.02281368821293
60.07604562737643
79.84790874524715
48.28897338403042
36.12167300380228
32.31939163498099
36.50190114068441
38.02281368821293
36.12167300380228
37.26235741444867
46.7680608365019
37.6425855513308
35.741444866920155
37.26235741444867
35.741444866920155
40.68441064638783
38.40304182509506
11.02661596958175
3.4220532319391634
6.4638783269961975
50.950570342205324
65.39923954372624
3.041825095057034
6.844106463878327
7.224334600760455
52.47148288973384
38.78326996197718
9.505703422053232
7.604562737642586
20.53231939163498
36.88212927756654
12.547528517110266
16.34980988593156
9.125475285171103
41.825095057034225
36.88212927756654
33.07984790874524
9.505703422053232
21.673003802281368
44.106463878327
11.787072243346007
7.224334600760455
10.26615969581749
39.543726235741445
33.840304182509506
6.4638783269961975
12.927756653992395
30.418250950570343
57.79467680608364
44.866920152091254
38.40304182509506
65.0190114068441
49.80988593155893
52.851711026615966
50.57034220532319
41.44486692015209
34.22053231939163
10.26615969581749
3.041825095057034
6.083650190114068
43.346007604562736
28.89733840304182
5.323193916349809
20.15209125475285
35.361216730038024
23.193916349809886
30.038022813688215
53.2319391634981
15.209125475285171
38.02281368821293
53.61216730038023
6.4638783269961975
100.0
