100,0.013302421040629394,0.003268594884268937
200,0.015278780738094333,0.00805746645889552
400,0.012694310364486337,0.00019003458629470563
600,0.017217133518300332,0.00034206225533047017
800,0.02459047546653491,0.006309148264984227
1000,0.027897077268062787,0.008019459541636577
1200,0.028049104937098553,0.009349701645699517
1400,0.03025350613811714,0.009273687811181635
1600,0.03356010793964501,0.03074759606248337
1800,0.03200182433202843,0.0004180760898483524
2000,0.028695222530500553,0.000304055338071529
