50.19011406844106
80.98859315589354
63.11787072243346
63.11787072243346
59.31558935361216
66.15969581749049
31.55893536121673
40.68441064638783
34.60076045627377
69.20152091254754
55.13307984790875
32.69961977186312
30.038022813688215
38.02281368821293
61.59695817490495
49.42965779467681
33.460076045627375
22.813688212927758
13.307984790874524
36.88212927756654
11.02661596958175
1.9011406844106464
3.4220532319391634
57.79467680608364
72.24334600760456
42.20532319391635
46.38783269961977
40.3041825095057
60.45627376425855
79.84790874524715
48.28897338403042
35.741444866920155
40.68441064638783
67.68060836501901
54.372623574144484
36.12167300380228
37.26235741444867
62.737642585551335
69.58174904942965
68.8212927756654
69.20152091254754
64.63878326996198
41.06463878326996
38.40304182509506
32.31939163498099
33.840304182509506
37.6425855513308
66.53992395437263
65.39923954372624
3.041825095057034
7.604562737642586
7.224334600760455
47.90874524714829
65.0190114068441
44.866920152091254
39.92395437262358
51.33079847908745
66.92015209125475
39.92395437262358
43.346007604562736
42.20532319391635
76.80608365019012
57.414448669201526
35.741444866920155
9.505703422053232
21.673003802281368
44.106463878327
13.307984790874524
10.26615969581749
43.346007604562736
71.86311787072243
65.39923954372624
36.12167300380228
45.247148288973385
64.25855513307985
93.5361216730038
79.46768060836501
77.18631178707224
65.0190114068441
50.19011406844106
51.33079847908745
49.42965779467681
40.3041825095057
34.22053231939163
10.26615969581749
3.041825095057034
6.083650190114068
42.20532319391635
28.89733840304182
5.323193916349809
20.15209125475285
35.361216730038024
23.193916349809886
30.038022813688215
53.2319391634981
15.209125475285171
38.02281368821293
53.61216730038023
6.4638783269961975
100.0
