100.0
100.0
43.43065693430657
0.0
0.0
0.0
0.0
0.0
0.0
0.0
0.0
0.0
0.0
0.0
0.0
0.0
0.0
0.0
0.0
0.0
0.0
0.0
0.0
0.0
0.0
0.0
0.0
0.0
0.0
0.0
0.0
0.0
0.0
0.0
0.0
0.0
0.0
0.0
0.0
0.0
0.0
0.0
0.0
0.0
0.0
0.0
0.0
0.0
0.0
0.0
0.0
0.0
0.0
0.0
0.0
0.0
0.0
0.0
0.0
0.0
0.0
0.0
0.0
0.0
0.0
0.0
0.0
55.47445255474452
44.64720194647202
36.982968369829685
8.880778588807786
11.313868613138686
9.48905109489051
28.102189781021895
26.885644768856448
10.46228710462287
23.357664233576642
28.467153284671532
42.82238442822384
36.73965936739659
25.547445255474454
21.776155717761558
18.369829683698295
3.7712895377128954
8.51581508515815
9.610705596107055
22.99270072992701
24.087591240875913
18.004866180048662
27.25060827250608
23.96593673965937
19.586374695863746
48.54014598540146
50.0
31.508515815085158
2.3114355231143553
1.4598540145985401
4.744525547445255
4.5012165450121655
0.851581508515815
7834549878346
