100.00
100.00
98.91
100.00
98.91
100.00
100.00
98.91
100.00
98.91
100.00
100.00
98.91
100.00
98.91
100.00
100.00
98.91
100.00
98.91
100.00
98.91
100.00
100.00
98.91
100.00
98.91
100.00
100.00
98.91
100.00
98.91
100.00
100.00
98.91
100.00
98.91
100.00
98.91
100.00
100.00
98.91
100.00
98.91
100.00
100.00
98.91
100.00
98.91
100.00
100.00
98.91
100.00
98.91
100.00
98.91
100.00
100.00
98.91
100.00
98.91
100.00
100.00
73.72
70.92
70.80
49.76
64.23
44.65
40.39
11.19
50.49
55.72
54.87
55.23
19.95
38.69
72.14
69.71
70.07
69.22
34.31
65.09
57.18
74.09
59.73
45.50
52.92
60.46
45.99
47.57
50.00
86.13
59.73
33.45
19.59
21.65
30.05
27.49
22.87
