200,0.07510760925074779,0.00015807008584421586
400,0.13305853456871186,4.8636949490527956e-05
600,0.20219595826949735,0.0007538727171031833
800,0.2703120060309817,0.002358892050290606
1000,0.33388049901510175,0.0025048028987621897
1200,0.27978405194426204,0.005702682327764403
1400,0.21837990321247053,0.011186498382821429
1600,0.15192967097103668,0.008754650908295032
1800,0.08580773813866395,0.006638943605457066
2000,0.0207922959072007,0.006334962671141266
2200,0.02036672259915858,6.079618686315994e-05
2400,0.021412417013204933,8.511466160842392e-05
2600,0.019357505897230124,7.295542423579193e-05
2800,0.015855645533912114,4.8636949490527956e-05
3000,0.014092556114880474,4.8636949490527956e-05
3200,0.012706403054400428,0.0
3400,0.01057853651418983,3.6477712117895966e-05
3600,0.009399090489044528,4.8636949490527956e-05
3800,0.007502249458913937,0.0003161401716884317
4000,0.006116096398433891,0.0
