100.00
100.00
98.91
66.30
0.00
0.00
91.73
98.91
52.80
0.12
5.11
100.00
98.91
39.42
0.12
18.49
100.00
98.91
26.03
0.12
31.87
98.91
100.00
12.65
0.12
45.26
98.91
99.27
0.00
0.12
58.64
98.91
85.89
0.00
0.12
72.02
98.91
72.51
0.12
0.00
85.40
98.91
59.12
0.12
0.00
98.78
98.91
45.74
0.12
12.17
100.00
98.91
32.36
0.12
25.55
98.91
100.00
18.98
0.12
38.93
98.91
100.00
5.60
0.12
0.00
68.86
49.76
64.84
48.42
38.81
14.23
54.38
55.84
55.60
55.60
14.48
47.08
78.59
70.07
70.32
68.13
26.16
55.96
57.30
72.99
60.22
45.62
52.68
60.46
46.23
47.57
50.49
86.50
59.73
33.09
19.83
21.41
30.78
27.49
22.87
