200,88.81958123586489,11.180418764135114
400,78.24347656914958,21.756523430850415
600,70.128401546655,29.871598453345005
800,63.47973055129982,36.520269448700176
1000,56.98791371805161,43.0120862819484
1200,45.99474720945502,54.00525279054498
1400,40.02942535444177,59.97057464555823
1600,33.648257581284504,66.3517424187155
1800,22.562680868655917,77.43731913134408
2000,14.603244084531017,85.39675591546899
2200,13.788575180564674,86.21142481943532
2400,13.373945186157924,86.62605481384207
2600,12.417013204931788,87.58298679506822
2800,11.824858344884609,88.1751416551154
3000,11.399285036842489,88.60071496315751
3200,10.989518737384792,89.0104812626152
3400,10.478830767734246,89.52116923226575
3600,10.343863232898034,89.65613676710197
3800,10.04596191726855,89.95403808273144
4000,9.783322390019698,90.2166776099803
