100.0
100.0
43.43065693430657
0.0
0.0
0.0
0.0
0.0
0.0
0.0
0.0
0.0
0.0
0.0
0.0
0.0
0.0
0.0
0.0
0.0
0.0
0.0
0.0
0.0
0.0
0.0
0.0
0.0
0.0
0.0
0.0
0.0
0.0
0.0
0.0
0.0
0.0
0.0
0.0
0.0
0.0
0.0
0.0
0.0
0.0
0.0
0.0
0.0
0.0
0.0
0.0
0.0
0.0
0.0
0.0
0.0
0.0
0.0
0.0
0.0
0.0
0.0
0.0
0.0
0.0
0.0
0.0
55.47445255474452
44.64720194647202
37.34793187347932
8.880778588807786
11.557177615571776
9.610705596107055
34.914841849148424
52.67639902676399
12.408759124087592
23.600973236009732
29.075425790754256
42.82238442822384
54.01459854014598
67.63990267639902
25.060827250608277
34.306569343065696
8.27250608272506
21.16788321167883
35.88807785888078
37.22627737226277
48.661800486618006
35.76642335766424
46.10705596107056
42.33576642335766
24.087591240875913
49.27007299270073
51.09489051094891
33.57664233576642
3.1630170316301705
20.68126520681265
32.968369829683695
31.751824817518248
23.479318734793186
