100.0
100.0
43.43065693430657
0.0
0.0
0.0
0.0
0.0
0.0
0.0
0.0
0.0
0.0
0.0
0.0
0.0
0.0
0.0
0.0
0.0
0.0
0.0
0.0
0.0
0.0
0.0
0.0
0.0
0.0
0.0
0.0
0.0
0.0
0.0
0.0
0.0
0.0
0.0
0.0
0.0
0.0
0.0
0.0
0.0
0.0
0.0
0.0
0.0
0.0
0.0
0.0
0.0
0.0
0.0
0.0
0.0
0.0
0.0
0.0
0.0
0.0
0.0
0.0
0.0
0.0
0.0
0.0
55.47445255474452
44.64720194647202
37.34793187347932
8.880778588807786
11.557177615571776
9.610705596107055
28.953771289537713
34.18491484184915
10.827250608272507
23.600973236009732
29.075425790754256
42.82238442822384
36.982968369829685
37.71289537712895
24.939172749391727
19.708029197080293
3.8929440389294405
8.637469586374696
18.97810218978102
37.95620437956204
45.742092457420924
34.0632603406326
44.89051094890511
41.97080291970803
24.45255474452555
48.54014598540146
50.48661800486618
31.265206812652067
3.2846715328467155
4.37956204379562
26.885644768856448
29.80535279805353
22.99270072992701
