100.0
100.0
98.661800486618
52.798053527980535
98.661800486618
85.40145985401459
67.2749391727494
98.661800486618
28.710462287104622
1.4598540145985401
0.12165450121654502
80.7785888077859
95.98540145985402
15.328467153284672
4.13625304136253
0.0
94.16058394160584
95.98540145985402
1.9464720194647203
6.81265206812652
7.542579075425791
95.98540145985402
88.56447688564477
0.0
6.81265206812652
20.92457420924574
95.98540145985402
75.18248175182481
0.0
6.81265206812652
34.306569343065696
95.98540145985402
61.80048661800487
0.36496350364963503
6.447688564476886
47.688564476885645
95.98540145985402
48.41849148418492
6.81265206812652
0.0
61.0705596107056
95.98540145985402
35.03649635036496
6.81265206812652
0.0
74.45255474452554
95.98540145985402
21.654501216545015
6.81265206812652
0.0
87.8345498783455
95.98540145985402
8.27250608272506
6.81265206812652
1.2165450121654502
96.2287104622871
94.64720194647201
0.0
6.81265206812652
14.5985401459854
95.98540145985402
81.50851581508516
0.0
6.81265206812652
0.0
44.52554744525548
48.29683698296837
63.38199513381995
46.83698296836983
42.579075425790755
11.922141119221411
37.34793187347932
56.69099756690997
58.15085158150851
60.09732360097324
20.072992700729927
35.88807785888078
85.03649635036497
73.72262773722628
78.22384428223845
72.99270072992701
28.832116788321166
39.29440389294404
36.25304136253041
65.45012165450122
63.38199513381995
54.379562043795616
56.20437956204379
63.26034063260341
53.64963503649635
51.21654501216545
30.5352798053528
75.54744525547446
63.625304136253035
37.591240875912405
17.51824817518248
21.654501216545015
32.11678832116788
30.29197080291971
23.114355231143552
