100.0
100.0
43.43065693430657
0.0
0.0
0.0
0.0
0.0
0.0
0.0
0.0
0.0
0.0
0.0
0.0
0.0
0.0
0.0
0.0
0.0
0.0
0.0
0.0
0.0
0.0
0.0
0.0
0.0
0.0
0.0
0.0
0.0
0.0
0.0
0.0
0.0
0.0
0.0
0.0
0.0
0.0
0.0
0.0
0.0
0.0
0.0
0.0
0.0
0.0
0.0
0.0
0.0
0.0
0.0
0.0
0.0
0.0
0.0
0.0
0.0
0.0
0.0
0.0
0.0
0.0
0.0
0.0
55.47445255474452
44.64720194647202
36.982968369829685
8.880778588807786
11.313868613138686
9.610705596107055
28.953771289537713
30.5352798053528
10.827250608272507
23.600973236009732
29.075425790754256
42.82238442822384
36.982968369829685
25.669099756691
21.776155717761558
18.734793187347933
3.7712895377128954
8.637469586374696
9.732360097323602
28.102189781021895
42.700729927007295
19.708029197080293
44.64720194647202
41.72749391727494
23.722627737226276
49.02676399026764
50.24330900243309
31.265206812652067
2.3114355231143553
1.4598540145985401
12.652068126520682
27.980535279805352
17.39659367396594
