100.0
100.0
92.21411192214111
0.0
60.09732360097324
37.22627737226277
18.613138686131386
78.71046228710462
0.0
73.47931873479318
23.844282238442823
0.0
3.8929440389294405
0.0
86.86131386861314
10.46228710462287
0.0
3.8929440389294405
2.068126520681265
95.25547445255475
0.0
3.8929440389294405
0.0
15.450121654501217
81.8734793187348
0.0
3.8929440389294405
0.0
28.832116788321166
68.49148418491484
0.0
3.8929440389294405
0.0
42.214111922141115
55.1094890510949
0.0
3.8929440389294405
0.0
53.771289537712896
43.552311435523116
0.0
3.8929440389294405
0.0
67.15328467153284
30.170316301703163
0.0
3.8929440389294405
0.0
80.5352798053528
16.78832116788321
0.0
3.8929440389294405
0.0
93.91727493917274
3.40632603406326
3.8929440389294405
0.0
9.124087591240876
88.19951338199513
0.0
3.8929440389294405
0.0
22.50608272506083
86.61800486618006
26.034063260340634
23.357664233576642
21.654501216545015
85.52311435523114
70.55961070559611
76.27737226277372
53.52798053527981
38.68613138686132
33.21167883211679
71.8978102189781
71.65450121654501
54.50121654501216
25.790754257907544
29.44038929440389
50.24330900243309
72.14111922141119
71.16788321167883
43.06569343065693
46.35036496350365
34.54987834549878
61.67883211678832
60.34063260340633
45.01216545012166
47.81021897810219
61.19221411192214
47.08029197080292
47.688564476885645
30.170316301703163
51.09489051094891
51.94647201946472
33.21167883211679
13.138686131386862
21.532846715328464
30.170316301703163
27.49391727493917
22.871046228710462
