100.0
100.0
98.41849148418491
18.126520681265205
84.67153284671532
61.31386861313869
42.94403892944039
98.41849148418491
4.622871046228711
72.01946472019465
21.897810218978105
56.326034063260344
89.65936739659367
0.0
3.40632603406326
0.0
69.7080291970803
46.59367396593674
0.0
33.09002433090024
0.0
73.11435523114356
43.30900243309003
27.85888077858881
34.914841849148424
0.0
73.11435523114356
43.30900243309003
33.941605839416056
42.214111922141115
11.557177615571776
39.17274939172749
19.34306569343066
47.323600973236005
28.832116788321166
24.939172749391727
25.790754257907544
19.34306569343066
53.771289537712896
22.38442822384428
38.32116788321168
36.61800486618005
10.948905109489052
61.0705596107056
22.38442822384428
51.70316301703163
66.30170316301704
0.0
29.80535279805353
0.0
63.503649635036496
52.919708029197075
0.851581508515815
28.953771289537713
0.0
73.11435523114356
43.30900243309003
14.233576642335766
63.503649635036496
0.0
50.72992700729927
19.34306569343066
27.61557177615572
43.552311435523116
8.02919708029197
20.559610705596107
42.33576642335766
65.45012165450122
46.715328467153284
55.1094890510949
20.92457420924574
23.114355231143552
50.97323600973236
55.1094890510949
54.257907542579076
38.564476885644766
23.722627737226276
60.58394160583942
66.30170316301704
70.55961070559611
69.4647201946472
40.75425790754258
33.69829683698297
29.56204379562044
55.47445255474452
56.934306569343065
45.62043795620438
45.98540145985402
61.67883211678832
47.201946472019465
48.661800486618006
32.846715328467155
66.30170316301704
56.08272506082726
34.306569343065696
6.447688564476886
21.532846715328464
30.413625304136254
27.49391727493917
22.871046228710462
