100.0
100.0
67.88321167883211
0.0
35.523114355231144
13.138686131386862
0.0
48.661800486618006
0.0
46.59367396593674
0.0
5.35279805352798
36.61800486618005
0.0
11.19221411192214
0.0
18.734793187347933
23.114355231143552
0.0
11.19221411192214
0.0
30.04866180048662
11.800486618004866
0.0
11.19221411192214
0.0
41.84914841849148
0.0
4.37956204379562
6.81265206812652
0.0
41.84914841849148
0.0
4.37956204379562
6.81265206812652
0.0
41.84914841849148
0.0
6.81265206812652
4.37956204379562
0.0
41.84914841849148
0.0
7.2992700729927
3.8929440389294405
0.0
41.84914841849148
0.0
11.19221411192214
0.0
12.408759124087592
29.44038929440389
0.0
11.19221411192214
0.0
23.722627737226276
18.126520681265205
0.0
11.19221411192214
0.0
37.104622871046224
4.744525547445255
0.0
11.922141119221411
1.2165450121654502
0.0
16.909975669099754
61.55717761557178
44.64720194647202
41.119221411192214
9.610705596107055
11.922141119221411
20.92457420924574
54.50121654501216
54.98783454987834
14.5985401459854
24.817518248175183
29.56204379562044
60.70559610705596
70.8029197080292
69.09975669099757
27.37226277372263
20.92457420924574
9.367396593673966
43.18734793187348
47.44525547445255
48.05352798053528
50.0
61.43552311435523
48.05352798053528
44.038929440389296
25.790754257907544
48.78345498783455
53.771289537712896
33.33333333333333
2.3114355231143553
21.41119221411192
31.265206812652067
29.683698296836987
22.99270072992701
