100.0
100.0
43.43065693430657
0.0
0.0
0.0
0.0
0.0
0.0
0.0
0.0
0.0
0.0
0.0
0.0
0.0
0.0
0.0
0.0
0.0
0.0
0.0
0.0
0.0
0.0
0.0
0.0
0.0
0.0
0.0
0.0
0.0
0.0
0.0
0.0
0.0
0.0
0.0
0.0
0.0
0.0
0.0
0.0
0.0
0.0
0.0
0.0
0.0
0.0
0.0
0.0
0.0
0.0
0.0
0.0
0.0
0.0
0.0
0.0
0.0
0.0
0.0
0.0
0.0
0.0
0.0
0.0
55.47445255474452
44.64720194647202
37.71289537712895
8.880778588807786
11.557177615571776
9.610705596107055
44.038929440389296
52.919708029197075
12.530413625304138
23.600973236009732
29.075425790754256
42.82238442822384
66.30170316301704
67.51824817518248
25.060827250608277
34.42822384428224
8.51581508515815
22.50608272506083
27.85888077858881
45.1338199513382
48.29683698296837
54.257907542579076
45.01216545012166
41.72749391727494
24.574209245742093
51.09489051094891
52.798053527980535
36.61800486618005
3.1630170316301705
22.26277372262774
30.656934306569344
27.49391727493917
22.871046228710462
