100.0
100.0
43.43065693430657
0.0
0.0
0.0
0.0
0.0
0.0
0.0
0.0
0.0
0.0
0.0
0.0
0.0
0.0
0.0
0.0
0.0
0.0
0.0
0.0
0.0
0.0
0.0
0.0
0.0
0.0
0.0
0.0
0.0
0.0
0.0
0.0
0.0
0.0
0.0
0.0
0.0
0.0
0.0
0.0
0.0
0.0
0.0
0.0
0.0
0.0
0.0
0.0
0.0
0.0
0.0
0.0
0.0
0.0
0.0
0.0
0.0
0.0
0.0
0.0
0.0
0.0
0.0
0.0
55.47445255474452
44.64720194647202
37.34793187347932
8.880778588807786
11.557177615571776
9.610705596107055
28.953771289537713
46.228710462287104
12.408759124087592
23.600973236009732
29.075425790754256
42.82238442822384
36.982968369829685
61.19221411192214
24.574209245742093
19.22141119221411
3.7712895377128954
8.637469586374696
24.45255474452555
44.28223844282238
48.05352798053528
47.5669099756691
45.86374695863747
42.214111922141115
23.600973236009732
49.02676399026764
50.72992700729927
31.386861313868614
2.3114355231143553
1.4598540145985401
25.060827250608277
29.80535279805353
22.99270072992701
