100.0
100.0
99.87834549878345
100.0
99.87834549878345
100.0
100.0
99.87834549878345
100.0
51.82481751824818
100.0
100.0
76.03406326034063
100.0
75.54744525547446
100.0
100.0
76.03406326034063
100.0
75.54744525547446
100.0
89.90267639902676
86.13138686131386
99.7566909975669
75.91240875912408
100.0
76.52068126520682
99.51338199513383
99.7566909975669
75.79075425790755
100.0
76.03406326034063
100.0
99.87834549878345
75.669099756691
100.0
75.79075425790755
100.0
93.06569343065694
82.9683698296837
99.7566909975669
75.79075425790755
100.0
79.68369829683698
96.35036496350365
99.7566909975669
75.79075425790755
100.0
75.79075425790755
100.0
100.0
76.03406326034063
99.7566909975669
76.03406326034063
99.7566909975669
96.2287104622871
79.80535279805353
99.7566909975669
75.79075425790755
100.0
82.84671532846716
93.18734793187348
99.7566909975669
54.62287104622872
92.57907542579076
86.98296836982968
90.38929440389293
94.52554744525547
86.61800486618006
73.84428223844283
91.48418491484185
92.33576642335767
86.7396593673966
82.23844282238443
88.44282238442823
90.2676399026764
100.0
99.87834549878345
89.17274939172749
91.8491484184915
90.14598540145985
81.50851581508516
95.86374695863748
97.68856447688565
97.44525547445255
93.43065693430657
73.96593673965937
81.8734793187348
88.9294403892944
74.81751824817519
94.76885644768856
92.7007299270073
99.14841849148418
76.7639902676399
49.27007299270073
57.907542579075425
75.18248175182481
73.96593673965937
73.35766423357664
77.49391727493918
