100.0
100.0
43.43065693430657
0.0
0.0
0.0
0.0
0.0
0.0
0.0
0.0
0.0
0.0
0.0
0.0
0.0
0.0
0.0
0.0
0.0
0.0
0.0
0.0
0.0
0.0
0.0
0.0
0.0
0.0
0.0
0.0
0.0
0.0
0.0
0.0
0.0
0.0
0.0
0.0
0.0
0.0
0.0
0.0
0.0
0.0
0.0
0.0
0.0
0.0
0.0
0.0
0.0
0.0
0.0
0.0
0.0
0.0
0.0
0.0
0.0
0.0
0.0
0.0
0.0
0.0
0.0
0.0
55.47445255474452
44.64720194647202
36.982968369829685
8.880778588807786
11.313868613138686
9.48905109489051
28.832116788321166
27.980535279805352
10.827250608272507
23.600973236009732
29.075425790754256
42.82238442822384
36.73965936739659
25.547445255474454
21.776155717761558
18.369829683698295
3.7712895377128954
8.51581508515815
9.732360097323602
28.102189781021895
28.832116788321166
19.708029197080293
37.591240875912405
41.72749391727494
23.722627737226276
48.54014598540146
50.0
31.265206812652067
2.3114355231143553
1.4598540145985401
4.866180048661801
14.476885644768856
18.004866180048662
