100.0
100.0
43.552311435523116
0.0
0.0
0.0
0.0
0.12165450121654502
0.0
0.12165450121654502
0.0
0.0
0.12165450121654502
0.0
0.12165450121654502
0.0
0.0
0.12165450121654502
0.0
0.12165450121654502
0.0
0.12165450121654502
0.0
0.0
0.12165450121654502
0.0
0.12165450121654502
0.0
0.0
0.12165450121654502
0.0
0.12165450121654502
0.0
0.0
0.12165450121654502
0.0
0.12165450121654502
0.0
0.12165450121654502
0.0
0.0
0.12165450121654502
0.0
0.12165450121654502
0.0
0.0
0.12165450121654502
0.0
0.12165450121654502
0.0
0.0
0.12165450121654502
0.0
0.12165450121654502
0.0
0.12165450121654502
0.0
0.0
0.12165450121654502
0.0
0.12165450121654502
0.0
0.0
0.12165450121654502
0.0
0.0
0.0
56.326034063260344
44.64720194647202
38.077858880778585
8.880778588807786
11.678832116788321
9.610705596107055
53.771289537712896
54.13625304136252
15.206812652068127
27.980535279805352
35.64476885644769
50.60827250608273
72.38442822384428
69.09975669099757
24.330900243309003
20.194647201946474
9.48905109489051
33.454987834549875
46.59367396593674
52.18978102189781
55.23114355231144
57.66423357664233
49.27007299270073
44.76885644768856
24.939172749391727
52.311435523114355
54.01459854014598
37.104622871046224
3.64963503649635
8.394160583941606
32.968369829683695
31.386861313868614
23.479318734793186
