100.0
100.0
43.43065693430657
0.0
0.0
0.0
0.0
0.0
0.0
0.0
0.0
0.0
0.0
0.0
0.0
0.0
0.0
0.0
0.0
0.0
0.0
0.0
0.0
0.0
0.0
0.0
0.0
0.0
0.0
0.0
0.0
0.0
0.0
0.0
0.0
0.0
0.0
0.0
0.0
0.0
0.0
0.0
0.0
0.0
0.0
0.0
0.0
0.0
0.0
0.0
0.0
0.0
0.0
0.0
0.0
0.0
0.0
0.0
0.0
0.0
0.0
0.0
0.0
0.0
0.0
0.0
0.0
55.47445255474452
44.64720194647202
37.104622871046224
8.880778588807786
11.557177615571776
9.610705596107055
28.953771289537713
31.873479318734795
10.827250608272507
23.600973236009732
29.075425790754256
42.82238442822384
36.982968369829685
25.790754257907544
22.019464720194648
18.734793187347933
3.8929440389294405
8.637469586374696
10.097323600973237
36.86131386861314
47.08029197080292
23.844282238442823
44.89051094890511
41.97080291970803
24.45255474452555
48.661800486618006
50.72992700729927
31.265206812652067
2.3114355231143553
1.5815085158150852
24.939172749391727
29.80535279805353
22.99270072992701
