200,88.57031686972593,11.42968313027407
400,77.77534593030325,22.224654069696747
600,69.20065173512317,30.799348264876826
800,61.83336981104544,38.16663018895455
1000,54.58768026069405,45.41231973930595
1200,46.960190656842,53.039809343158
1400,39.5722380292308,60.42776197076919
1600,33.18377471364996,66.81622528635003
1800,26.78193623695922,73.21806376304079
2000,20.37523406531942,79.62476593468057
2200,13.788575180564674,86.21142481943532
2400,13.373945186157924,86.62605481384207
2600,12.417013204931788,87.58298679506822
2800,11.824858344884609,88.1751416551154
3000,11.399285036842489,88.60071496315751
3200,10.989518737384792,89.0104812626152
3400,10.478830767734246,89.52116923226575
3600,10.343863232898034,89.65613676710197
3800,10.04596191726855,89.95403808273144
4000,9.783322390019698,90.2166776099803
