200,88.81350161717857,11.186498382821428
400,77.81668733737021,22.1833126626298
600,69.44262055883856,30.55737944116145
800,62.53738965492084,37.462610345079156
1000,55.79266068432188,44.20733931567812
1200,51.8141582159967,48.18584178400331
1400,44.494297317672235,55.505702682327765
1600,33.5886773181586,66.4113226818414
1800,22.542010165122445,77.45798983487757
2000,14.60446000826828,85.39553999173172
2200,13.788575180564674,86.21142481943532
2400,13.373945186157924,86.62605481384207
2600,12.417013204931788,87.58298679506822
2800,11.824858344884609,88.1751416551154
3000,11.399285036842489,88.60071496315751
3200,10.989518737384792,89.0104812626152
3400,10.478830767734246,89.52116923226575
3600,10.343863232898034,89.65613676710197
3800,10.04596191726855,89.95403808273144
4000,9.783322390019698,90.2166776099803
