100.0
100.0
43.43065693430657
0.0
0.0
0.0
0.0
0.0
0.0
0.0
0.0
0.0
0.0
0.0
0.0
0.0
0.0
0.0
0.0
0.0
0.0
0.0
0.0
0.0
0.0
0.0
0.0
0.0
0.0
0.0
0.0
0.0
0.0
0.0
0.0
0.0
0.0
0.0
0.0
0.0
0.0
0.0
0.0
0.0
0.0
0.0
0.0
0.0
0.0
0.0
0.0
0.0
0.0
0.0
0.0
0.0
0.0
0.0
0.0
0.0
0.0
0.0
0.0
0.0
0.0
0.0
0.0
55.47445255474452
44.64720194647202
36.982968369829685
8.880778588807786
11.313868613138686
9.48905109489051
28.102189781021895
26.885644768856448
10.583941605839415
23.357664233576642
29.075425790754256
42.82238442822384
36.73965936739659
25.547445255474454
21.776155717761558
18.369829683698295
3.7712895377128954
8.51581508515815
9.610705596107055
22.99270072992701
25.42579075425791
18.004866180048662
27.49391727493917
32.72506082725061
23.600973236009732
48.05352798053528
49.51338199513382
30.04866180048662
2.18978102189781
1.4598540145985401
4.744525547445255
4.5012165450121655
13.86861313868613
