100.0
100.0
98.90510948905109
100.0
98.90510948905109
100.0
100.0
30.29197080291971
48.175182481751825
73.35766423357664
5.109489051094891
100.0
16.666666666666664
62.04379562043796
59.975669099756686
18.613138686131386
100.0
3.2846715328467155
75.30413625304136
46.59367396593674
31.995133819951338
89.90267639902676
0.0
88.6861313868613
33.21167883211679
45.37712895377129
76.52068126520682
2.068126520681265
100.0
19.829683698296837
58.75912408759124
63.138686131386855
15.450121654501217
100.0
6.447688564476886
72.14111922141119
49.75669099756691
28.832116788321166
93.06569343065694
0.0
85.52311435523114
36.37469586374696
42.214111922141115
79.68369829683698
0.0
98.90510948905109
22.99270072992701
55.59610705596108
66.30170316301704
12.287104622871047
100.0
9.610705596107055
68.97810218978103
52.919708029197075
25.669099756691
96.2287104622871
0.0
82.36009732360098
39.53771289537713
39.05109489051095
82.84671532846716
0.0
95.74209245742092
26.155717761557177
0.0
69.58637469586375
69.09975669099757
66.42335766423358
66.30170316301704
61.67883211678832
69.58637469586375
70.55961070559611
70.8029197080292
64.72019464720195
68.1265206812652
54.379562043795616
78.95377128953771
78.83211678832117
69.95133819951337
71.04622871046229
74.69586374695864
68.24817518248175
77.12895377128953
75.30413625304136
84.30656934306569
75.54744525547446
56.934306569343065
54.62287104622872
64.59854014598541
59.975669099756686
56.934306569343065
52.67639902676399
89.65936739659367
62.165450121654494
43.18734793187348
37.104622871046224
21.532846715328464
30.170316301703163
27.49391727493917
22.871046228710462
