200,88.5411347000316,11.458865299968386
400,77.81547141363293,22.184528586367065
600,69.41222246540697,30.58777753459303
800,62.53495780744631,37.46504219255368
1000,55.77806959947472,44.22193040052528
1200,48.0837041900732,51.91629580992681
1400,40.908538216483066,59.09146178351694
1600,37.14160647844167,62.858393521558334
1800,22.07266360253885,77.92733639746116
2000,14.60446000826828,85.39553999173172
2200,13.788575180564674,86.21142481943532
2400,13.373945186157924,86.62605481384207
2600,12.417013204931788,87.58298679506822
2800,11.824858344884609,88.1751416551154
3000,11.399285036842489,88.60071496315751
3200,10.989518737384792,89.0104812626152
3400,10.478830767734246,89.52116923226575
3600,10.343863232898034,89.65613676710197
3800,10.04596191726855,89.95403808273144
4000,9.783322390019698,90.2166776099803
