100.0
100.0
99.14841849148418
100.0
99.14841849148418
100.0
100.0
99.14841849148418
76.88564476885644
0.12165450121654502
29.44038929440389
100.0
16.666666666666664
87.10462287104623
59.00243309002433
42.82238442822384
100.0
3.7712895377128954
100.0
45.62043795620438
56.20437956204379
89.90267639902676
13.86861313868613
100.0
32.23844282238443
69.58637469586375
76.52068126520682
27.25060827250608
100.0
18.856447688564476
82.9683698296837
63.138686131386855
40.632603406326034
99.02676399026764
6.447688564476886
96.35036496350365
49.75669099756691
53.04136253041363
93.06569343065694
9.854014598540147
100.0
36.37469586374696
66.54501216545012
79.68369829683698
23.114355231143552
100.0
22.99270072992701
79.80535279805353
66.30170316301704
36.61800486618005
100.0
9.610705596107055
93.30900243309003
52.919708029197075
49.87834549878345
96.2287104622871
6.569343065693431
100.0
39.53771289537713
63.38199513381995
82.84671532846716
20.072992700729927
100.0
26.155717761557177
22.38442822384428
74.45255474452554
69.7080291970803
69.2214111922141
66.66666666666666
63.990267639902676
73.72262773722628
73.72262773722628
71.41119221411192
67.76155717761557
68.97810218978103
66.78832116788321
79.07542579075427
78.95377128953771
70.55961070559611
71.16788321167883
75.30413625304136
68.49148418491484
80.17031630170315
76.64233576642336
87.59124087591242
77.61557177615572
59.48905109489051
59.00243309002433
75.91240875912408
61.43552311435523
57.17761557177615
52.67639902676399
89.29440389294405
63.26034063260341
44.038929440389296
37.104622871046224
21.532846715328464
30.5352798053528
27.49391727493917
23.236009732360095
