100.0
100.0
99.39172749391727
100.0
99.39172749391727
100.0
100.0
99.39172749391727
100.0
1.094890510948905
53.771289537712896
100.0
27.85888077858881
100.0
59.24574209245742
67.15328467153284
100.0
27.85888077858881
100.0
45.86374695863747
80.5352798053528
89.90267639902676
37.95620437956204
99.27007299270073
33.21167883211679
93.91727493917274
76.52068126520682
50.60827250608273
100.0
27.25060827250608
100.0
63.138686131386855
64.11192214111922
100.0
27.128953771289538
100.0
49.75669099756691
77.37226277372264
93.06569343065694
34.18491484184915
100.0
36.37469586374696
90.87591240875912
79.68369829683698
47.44525547445255
100.0
27.128953771289538
100.0
66.30170316301704
60.94890510948905
100.0
27.25060827250608
100.0
52.919708029197075
74.20924574209245
96.2287104622871
30.900243309002434
100.0
39.53771289537713
87.71289537712896
82.84671532846716
44.40389294403893
100.0
26.155717761557177
46.95863746958637
74.81751824817519
73.2360097323601
71.04622871046229
67.88321167883211
68.73479318734793
76.03406326034063
75.669099756691
71.41119221411192
68.1265206812652
70.31630170316302
70.07299270072993
79.1970802919708
79.56204379562044
70.55961070559611
72.50608272506082
75.30413625304136
68.97810218978103
80.90024330900243
77.12895377128953
87.71289537712896
83.45498783454988
60.34063260340633
62.40875912408759
78.34549878345499
63.26034063260341
69.34306569343066
75.669099756691
90.14598540145985
64.72019464720195
44.038929440389296
37.71289537712895
21.776155717761558
33.33333333333333
27.49391727493917
23.236009732360095
