100.0
100.0
99.63503649635037
100.0
99.63503649635037
100.0
100.0
99.63503649635037
100.0
25.18248175182482
78.1021897810219
100.0
51.94647201946472
100.0
59.48905109489051
91.48418491484185
100.0
51.94647201946472
99.51338199513383
51.45985401459854
100.0
89.90267639902676
62.04379562043796
99.51338199513383
51.58150851581509
100.0
76.52068126520682
74.93917274939173
100.0
51.45985401459854
100.0
63.138686131386855
88.32116788321169
100.0
51.45985401459854
100.0
51.94647201946472
99.51338199513383
93.06569343065694
58.51581508515815
100.0
51.45985401459854
100.0
79.68369829683698
71.77615571776155
100.0
51.45985401459854
100.0
66.30170316301704
85.64476885644768
99.51338199513383
51.45985401459854
100.0
52.919708029197075
98.54014598540147
96.2287104622871
55.23114355231144
100.0
51.45985401459854
100.0
82.84671532846716
68.61313868613139
100.0
26.277372262773724
74.69586374695864
80.04866180048663
77.37226277372264
72.62773722627736
72.01946472019465
69.95133819951337
76.7639902676399
77.85888077858881
76.15571776155717
69.34306569343066
72.87104622871047
72.14111922141119
79.68369829683698
79.92700729927007
71.53284671532847
74.08759124087592
75.79075425790755
70.31630170316302
81.14355231143551
81.8734793187348
92.45742092457421
86.37469586374696
60.46228710462287
64.72019464720195
85.40145985401459
66.66666666666666
71.8978102189781
84.06326034063261
97.68856447688565
70.8029197080292
45.01216545012166
47.93187347931874
58.51581508515815
56.934306569343065
54.257907542579076
64.47688564476886
