52.11919005982513
33.06948918545789
37.533364012885414
47.198573400828344
55.78232857800276
56.87413713759779
54.17050161067648
54.953980671882185
54.75034514496089
53.91854578923147
51.22181316152784
50.65002300966406
48.64818223653934
48.99677864703175
49.064657156005524
48.757478140819146
47.0421076852278
45.84790612057064
42.62195121951219
36.20570639668661
34.324666359871145
52.276806258628625
54.020938794293606
52.841693511274734
51.962724344224576
54.42820984813622
53.65163368614818
52.08467556373677
55.04141739530603
50.19443166129774
48.372066267832494
49.62264150943396
49.904509894155545
49.339622641509436
48.69650253106305
52.67947537965946
46.635987114588126
44.962034054302805
38.14542107685227
42.531063046479524
57.17901518637828
57.05591348366313
52.5713299585826
55.68338702254947
53.3317993557294
52.88311090658077
55.10699493787391
51.51518637827888
49.569719282098475
46.88104003681546
48.375517717441326
47.44362632305568
47.780717901518635
52.89806718821906
43.60791532443626
43.13276576161988
32.36999539806719
48.66313851817763
55.42107685227796
54.647952139898756
52.54601932811781
52.34353428439945
52.337781868384724
50.43718361711919
52.193971468016564
50.39001380579844
50.51541647491946
51.89829728485964
49.96088357109986
47.73239760699494
46.0147261849977
44.75034514496088
41.23446847676024
32.794523699953984
36.892544868844915
51.43810400368155
56.22526461113668
52.71514035895076
53.543488265071325
53.01196502531062
51.40473999079613
51.186148182236536
48.29153244362632
47.985503911642894
48.25126553152324
46.04693971468017
48.421537045559134
47.23653934652554
37.37459733087897
31.552001840773126
25.76392084675564
31.260929590427978
42.67602393005062
39.203865623561896
40.996318453750575
39.568568798895534
34.9033594109526
31.774045098941556
28.44454670961804
28.0188679245283
