52.11919005982513
33.06948918545789
37.533364012885414
47.083525080533825
55.71905200184077
56.78094799815923
54.121030832949835
54.82282558674644
54.712379199263694
51.84192360791532
50.11734928670042
50.5441785549931
48.59756097560975
48.9622641509434
49.00943396226415
48.72986654394846
46.707317073170735
45.76277036355269
42.49079613437644
36.15163368614818
34.04394845835251
50.363552692130696
50.861711919005984
52.73469857340083
51.85572940635067
54.31201104463875
53.558444546709616
51.98803497468937
37.75310630464796
42.36654394845835
44.73193741371376
46.15623561895996
46.367924528301884
45.33479061205706
45.46249424758398
46.54509894155545
45.69144040497009
39.85618959963185
36.27013345605154
39.02554072710539
44.329268292682926
55.020708697653006
51.36217211228716
54.94017487344684
49.2751955821445
49.203865623561896
44.30855959502991
41.54855039116429
44.11642890013806
46.68545789231477
48.26852277956742
46.04003681546249
43.28117809479981
37.65416474919466
38.9622641509434
28.809249884951683
22.517257248044178
39.45697192820985
39.67901518637828
49.064657156005524
39.55821445006903
48.62862402208928
48.54003681546249
45.61895996318454
42.88426138978371
48.81155085135757
50.20248504371836
46.15508513575702
46.06764841233318
44.8423838011965
32.130694891854574
44.528301886792455
35.036815462494246
23.423838011965024
33.174183156925906
30.781178094799817
34.42475839852738
39.62379199263691
49.60998619420157
49.15669581224114
47.50920386562356
26.770593649332717
42.077772664519095
46.67280257708237
44.59618039576622
43.02231937413713
42.67947537965946
40.554532903819606
32.10193281178095
29.893005062126093
16.569259088817304
20.37735849056604
20.018407731247123
20.02646111366774
23.147722043258167
25.517717441325356
27.314772204325816
29.623791992636907
19.21997238840313
18.457202024850435
