52.11919005982513
33.08214450069029
38.06258628624022
49.86424298205247
57.81293143120111
57.04210768522779
54.29475379659458
55.210538426138974
55.07478140819144
54.684767602393
52.525310630464794
51.15278416935113
48.83571099861942
49.10952600092039
49.22572480441785
48.84491486424298
48.08099401748734
46.0147261849977
43.762080073630926
38.873676944316614
34.68936953520478
53.09134836631385
54.14173953060285
52.90612057063967
52.080073630924986
54.656005522319376
54.01633686148182
52.323976069949374
56.495628163828805
50.33709157846295
48.41463414634146
49.714680165669584
50.017257248044174
49.53520478601013
49.134836631385184
53.759779107225036
46.77749654855039
45.1323055683387
38.31799355729406
42.661067648412335
57.74390243902439
57.157156005522324
53.26161988034974
56.64749194661758
53.53083294983894
56.22181316152785
63.427289461573864
57.92682926829268
52.653014265991715
50.59940174873447
54.4224574321215
48.1385181776346
52.95098941555453
60.90427979751496
44.29705476300046
42.26760239300506
32.58743672342384
49.12103083294984
54.03474459272894
54.70662678324897
53.53083294983894
52.523009664058904
52.50115048320294
56.59341923607916
62.25034514496088
54.36953520478601
51.66014726184998
57.98205246203405
56.03658536585366
54.16244822825587
60.074781408191434
42.94983893235159
44.35687988955361
34.31546249424758
37.78071790151864
53.62862402208928
55.14726184997699
53.19719282098482
54.60538426138979
53.298435342843995
53.58720662678324
61.26783248964565
52.007593189139435
48.18568798895536
52.94408651633687
46.2563276576162
50.18867924528302
49.711228716060745
40.75126553152324
32.67717441325357
32.417165209387946
36.691210308329495
51.507132995858264
40.16912103083295
41.61527841693511
47.69788311090658
37.19857340082835
35.89392544868845
31.965025310630462
29.730786930510817
