52.11919005982513
33.06948918545789
37.533364012885414
47.083525080533825
55.71905200184077
56.825816843074094
54.15669581224114
54.910262310170275
54.73193741371376
51.88794293603314
50.32788771283939
50.58099401748735
48.63322595490106
48.97376898297285
49.04394845835251
48.744822825586745
46.84652554072711
45.83985273815002
43.4790612057064
38.74022089277497
34.22342383801196
52.01909802116889
53.90473999079614
52.77611596870686
51.90174873446848
54.376438104003675
53.60906580763921
52.01564657156006
53.933502070869764
50.00115048320295
48.28232857800276
49.569719282098475
49.81937413713759
49.23722963644731
48.47445927289461
51.969627243442254
46.439254486884494
44.43166129774505
37.923377818683846
42.35388863322596
56.4242982052462
56.955821445006904
52.525310630464794
55.600552231937414
53.19949378739071
52.780717901518635
54.99309710078233
51.11021629084216
49.466175793833415
46.80855959502991
48.313391624482286
47.3780487804878
47.67487344684768
52.394155545329035
43.55614358030373
43.23170731707317
32.32742751955821
48.691900598251266
55.29797514956282
54.56741831569259
52.43787390704095
52.2457432121491
52.25494707777266
50.69834330418775
55.304878048780495
50.235849056603776
50.45098941555454
51.829268292682926
49.88034974689369
47.66221813161528
50.8571099861942
45.037965945697195
44.018637827887716
36.338011965025316
37.279107225034515
54.29360331339163
56.30234698573401
52.51725724804418
53.51357570179476
53.01656695812241
51.39898757478141
52.77036355269213
48.50552231937414
47.788771283939255
48.21329958582605
45.97330878969167
49.146341463414636
50.796134376438104
39.156695812241146
31.97883110906581
33.47100782328578
38.65048320294523
37.98090197883111
41.82121491026231
40.96065347445928
28.803497468936957
29.263690750115046
24.932121491026233
23.39852738150023
26.06534744592729
