52.11919005982513
33.06948918545789
37.533364012885414
47.083525080533825
55.71905200184077
56.78094799815923
54.121030832949835
54.81362172112287
54.651403589507595
51.763690750115046
47.6806258628624
48.481362172112284
48.543488265071325
47.86010124252186
45.363552692130696
48.37666820064427
44.849286700414176
41.86148182236539
26.013575701794757
3.632075471698113
31.19305108145421
24.370685687988956
14.866543948458352
52.55982512655315
51.6532443626323
54.11642890013806
53.41463414634147
51.84307409111827
17.617349286700414
16.48297284859641
1.3173032673722964
5.368154624942475
0.4429360331339162
0.4878048780487805
11.004371836171192
0.8237459733087896
4.867694431661298
0.5798435342843995
3.0648872526461113
1.6003221352968247
0.9065807639208467
1.9592728946157385
0.7880809940174873
0.4475379659456972
0.3451449608835711
1.5807639208467557
30.6408191440405
22.997008743672342
17.59203865623562
1.8223653934652553
1.7809479981592269
1.849976990335941
13.171882190520018
7.1893695352047855
14.221122871606074
3.748274275195582
3.951909802116889
1.3771283939254486
3.624022089277497
6.552001840773125
2.677174413253567
2.0547630004601936
2.0743212149102623
3.408881730326737
0.4348826507132996
4.972388403129314
2.430971007823286
1.7993557294063507
1.8718361711919005
1.9040497008743673
1.1435803037275656
4.1532443626323055
2.6622181316152784
1.3230556833870226
2.664519098021169
1.4496088357109986
3.4836631385181773
2.650713299585826
2.2860101242521855
2.420616658996779
2.3573400828347904
1.8856419696272435
2.7393005062126092
13.91049240681086
6.454210768522779
3.1465715600552233
0.747814081914404
0.6569259088817303
1.8143120110446387
3.7045559134836634
1.0837551771744134
1.5554532903819605
1.3817303267372296
2.1962724344224576
1.6774045098941555
2.0846755637367695
7.771514035895076
4.161297745052922
3.1891394385641965
2.5172572480441784
