52.11919005982513
33.06948918545789
37.533364012885414
47.083525080533825
55.71905200184077
56.78094799815923
54.139438564196965
54.8676944316613
54.71813161527842
51.86263230556833
50.284169351127474
50.55913483663138
48.617119190059825
48.96686608375518
49.02784169351128
48.73791992636908
46.822365393465255
45.77542567878509
43.39967786470317
38.71836171191901
34.19005982512655
51.89829728485964
53.88288080994017
52.75770823745973
51.877588587206624
54.331569259088816
53.576852277956746
52.00414173953061
48.07409111826967
48.66543948458352
48.247814081914406
49.56396686608375
49.79981592268753
49.198113207547166
45.74436263230557
50.20248504371836
45.94454670961804
42.595490105844455
37.334330418775885
40.541877588587205
53.53313391624482
56.878739070409566
52.49079613437644
55.56833870225495
52.46893695352048
51.65784629544409
54.507593189139435
50.91463414634146
49.30740911182696
46.73032673722964
48.301886792452834
47.36079153244363
47.56902899217671
51.66014726184998
43.27772664519098
42.76000920386562
31.732627703635526
41.48182236539347
53.81155085135757
54.51909802116889
52.411412793373216
52.218131615278416
52.22848596410492
50.31983433041878
53.49631845375058
49.08651633686148
50.42567878508974
51.79820524620341
49.85388863322596
47.6092959042798
49.62034054302807
44.92176714219973
42.537965945697195
35.231247123791995
34.69512195121951
46.74873446847676
55.9410952600092
51.53359410952601
53.48481362172113
52.96479521398988
51.35526921306949
50.050621260929596
46.74758398527381
47.667970547630006
48.190289921767146
45.95490105844455
47.82213529682466
47.210078232857796
33.13391624482283
29.03589507593189
13.889783709157847
23.51932811780948
22.9222273354809
38.29268292682927
37.86585365853659
25.95144960883571
27.390704095720203
24.769903359410954
21.078002761159688
17.883110906580765
