52.11919005982513
33.08214450069029
38.05913483663139
49.84583525080534
57.80487804878048
57.03980671882191
54.29130234698574
55.20708697653014
55.07017947537965
54.67556373676944
52.46893695352048
51.18039576622181
48.89668660837552
49.132535664979294
49.2165209387943
48.86677404509894
47.87850897376899
45.97100782328578
42.82673722963645
36.453060285319836
34.600782328578
52.379199263690744
53.08789691670501
53.0085135757018
52.169811320754725
54.80786930510815
54.11642890013806
52.466635987114586
55.25655775425678
49.656005522319376
47.69558214450069
49.053152323976065
49.41785549930971
48.72871606074551
48.182236539346526
53.100552231937414
46.77864703175334
45.11849976990336
38.32834790612057
42.8382420616659
57.85780027611597
57.32742751955821
52.855499309710076
55.90427979751495
53.5757017947538
53.15577542567878
55.83755177174413
51.79130234698574
49.79521398987575
47.08697653014266
48.53543488265071
47.657616198803495
48.07179015186378
53.576852277956746
43.895536125172576
43.86447307869305
32.806028531983436
49.522549470777726
55.923838011965024
54.84353428439944
52.68982972848596
52.50920386562357
52.48159226875288
51.10906580763921
56.40013805798435
50.64312011044638
50.667280257708235
52.0398067188219
50.05982512655315
47.87505752416015
51.701564657156005
45.43603313391624
44.56971928209848
36.82581684307409
37.661067648412335
55.426829268292686
56.51633686148182
52.97399907961344
53.741371375977906
53.19604233778187
51.617579383341
53.81385181776346
48.78624022089277
48.20409572020248
48.40427979751495
46.17119190059825
49.520248504371835
51.85112747353888
39.87804878048781
32.63575701794753
34.43741371375978
39.04855039116429
51.21145881270134
42.36999539806719
41.442705936493326
43.76092959042798
39.66060745513115
34.117579383341
29.267142199723885
29.384491486424295
