52.11919005982513
33.06948918545789
37.533364012885414
47.083525080533825
55.71905200184077
56.78094799815923
54.121030832949835
54.81362172112287
54.651403589507595
51.763690750115046
47.6806258628624
48.481362172112284
48.543488265071325
47.861251725724806
46.78554993097101
48.69765301426599
46.044638748274274
45.341693511274734
42.69673262770364
35.65922687528762
33.29958582604694
42.184767602393
50.868614818223655
52.6932811780948
51.831569259088816
54.3108605614358
53.55154164749195
51.97653014265992
24.047399907961346
33.34905660377358
8.015416474919466
6.89829728485964
1.9305108145421075
1.9592728946157385
12.50690289921767
0.8651633686148182
5.964104924068109
11.497929130234699
25.70294523699954
26.845375057524162
27.929130234698572
50.296824666359875
45.25885872066267
51.0734008283479
49.24643350207087
49.125632765761615
41.6555453290382
40.8444546709618
44.37298665439485
46.631385181776345
47.77496548550391
43.82190520018408
43.22940635066728
37.42982052462034
30.50276115968707
13.30418775885872
6.404739990796135
34.37298665439484
13.549240681086056
43.626323055683386
9.115278416935112
7.710538426138978
2.1571560055223196
3.7942936033133914
0.4624942475839853
32.18131615278417
40.913483663138514
43.317993557294066
46.01587666820065
44.262540266912104
28.45144960883571
25.723653934652553
28.01426599171652
23.320294523699953
31.730326737229635
14.11872986654395
21.815462494247583
46.42199723884031
49.61228716060745
49.14173953060285
47.473538886332264
14.667510354348826
29.812471237919922
45.153014265991715
42.81868384721583
26.203405430280718
1.8189139438564195
0.7029452369995398
11.072250345144962
10.710998619420156
1.863782788771284
11.736079153244363
11.765991716520938
4.3764381040036815
18.30188679245283
24.107225034514496
27.162908421537047
6.540497008743672
2.980901978831109
3.817303267372296
