52.11919005982513
33.06948918545789
37.533364012885414
47.083525080533825
55.71905200184077
56.78094799815923
54.121030832949835
54.81362172112287
54.651403589507595
51.763690750115046
47.6806258628624
48.481362172112284
48.543488265071325
47.86010124252186
45.363552692130696
48.37666820064427
44.849286700414176
41.86148182236539
26.013575701794757
3.632075471698113
31.19305108145421
24.370685687988956
14.866543948458352
52.594339622641506
51.78209848136217
54.274045098941556
53.47445927289461
51.84537505752416
20.306028531983433
31.87643810400368
1.8971468016566957
5.378508973768983
0.5062126092959043
0.5004601932811781
11.017027151403589
0.8306488725264611
4.904509894155545
0.5867464335020709
3.1707317073170733
1.6095260009203867
0.9261389783709159
1.9638748274275197
0.8248964565117349
0.4555913483663138
0.373907040957202
1.6233317993557292
31.53934652554073
24.675563736769444
29.86539346525541
20.54302807179015
44.588127013345606
43.77473538886332
42.75885872066268
18.867924528301888
16.54509894155545
8.387022549470778
4.182006442705936
1.4104924068108604
3.6826967326277034
6.55545329038196
2.690980211688909
2.0754716981132075
2.0950299125632768
3.572250345144961
0.44178554993097097
5.115048320294523
2.4413253566497928
1.8039576622181315
1.8718361711919005
1.9040497008743673
1.237919926369075
5.639668660837552
7.848596410492408
22.66451909802117
11.723423838011964
12.91302346985734
8.269673262770363
17.136447307869304
49.588127013345606
49.12333179935573
44.76760239300506
7.344684767602392
3.965715600552232
10.75586746433502
5.097791072250345
3.1822365393465257
0.7754256787850897
0.6764841233317993
3.087896916705016
4.182006442705936
1.2149102623101702
11.210308329498389
2.0501610676484123
3.1822365393465257
1.7130694891854579
1.40819144040497
7.450529222273356
5.027611596870686
2.604693971468017
2.204325816843074
