52.11919005982513
33.06948918545789
37.533364012885414
47.083525080533825
55.71905200184077
56.78094799815923
54.121030832949835
54.81362172112287
54.651403589507595
51.763690750115046
47.6806258628624
48.481362172112284
48.543488265071325
47.86010124252186
45.363552692130696
48.37666820064427
44.849286700414176
41.86148182236539
26.013575701794757
3.632075471698113
32.61504832029453
36.646341463414636
20.02646111366774
52.646111366774036
51.80510814542107
54.28554993097101
53.53083294983894
51.86263230556833
20.842153704555912
31.89944776806259
1.9155545329038195
5.390013805798436
0.5085135757017948
0.5050621260929591
11.128624022089276
0.859410952600092
5.755867464335021
0.9226875287620802
4.05545329038196
1.7671421997238839
3.0591348366313853
4.001380579843534
10.70064427059365
2.175563736769443
1.951219512195122
32.984353428439945
35.31523239760699
32.74850437183618
42.931431201104466
43.22365393465255
44.61573861021629
43.81155085135757
42.87965945697193
32.03520478601013
29.282098481362173
12.143350207086977
6.217211228716061
22.164058904739992
3.871375977910722
6.569259088817303
2.690980211688909
2.077772664519098
2.097330878969167
3.6228716060745514
0.4452369995398067
5.124252185918086
2.4482282558674644
8.39622641509434
1.9098021168890935
1.9339622641509433
5.27036355269213
13.984123331799356
15.633916244822826
22.725494707777266
31.679705476300047
14.104924068108607
22.89576622181316
25.11389783709158
49.59618039576622
49.12793373216751
47.45283018867924
9.851587666820064
4.529452369995398
11.298895536125173
5.116198803497469
3.213299585826047
0.7938334100322136
0.6776346065347446
7.62310170271514
4.412103083294984
2.801426599171652
11.852277956741831
11.91785549930971
7.119190059825127
15.97100782328578
2.021398987574781
7.631155085135758
6.446157386102162
2.8831109065807636
3.552692130694892
