52.11919005982513
33.06948918545789
37.533364012885414
47.083525080533825
55.71905200184077
56.78094799815923
54.121030832949835
54.81362172112287
54.651403589507595
51.763690750115046
47.6806258628624
48.481362172112284
48.543488265071325
47.86010124252186
45.363552692130696
48.37666820064427
44.849286700414176
43.307639208467556
39.55476300046019
32.94753796594569
32.68637827887713
37.3550391164289
37.583985273815
52.671421997238845
51.80510814542107
54.28670041417395
53.53198343304187
51.90404970087437
21.000920386562356
29.868844914864244
3.097100782328578
6.755637367694432
1.805108145421077
1.8545789231477219
12.369995398067188
0.8617119190059825
5.760469397146801
11.241371375977911
25.4222273354809
24.456971928209846
21.558904739990798
50.167970547630006
45.25195582144501
9.223423838011966
1.9684767602393005
35.2416014726185
35.33248964565117
38.25471698113208
41.94431661297745
43.22365393465255
44.644500690289924
43.819604233778186
42.95098941555453
33.39967786470318
30.45904279797515
12.162908421537045
6.056143580303727
28.15002300966406
4.280947998159227
6.583064887252646
2.7254947077772664
2.078923147722043
2.1398987574781407
3.6148182236539346
0.4452369995398067
24.79751495628164
23.153474459272893
30.710998619420156
8.716060745513115
1.9500690289921767
1.694661757938334
20.98596410492407
24.795213989875748
22.52185918085596
18.480211688909343
14.108375517717441
22.79682466635987
30.040266912103082
49.592728946157386
47.98780487804878
33.427289461573864
8.236309249884952
3.959963184537506
10.989415554532904
5.1415094339622645
3.2455131155085137
1.0745513115508514
1.4921767142199722
4.63759779107225
14.225724804417855
9.92521859180856
17.64956281638288
10.042567878508974
6.938564196962724
16.06764841233318
11.600322135296825
8.803497468936953
5.717901518637828
3.935803037275656
3.98297284859641
