52.11919005982513
33.06948918545789
37.533364012885414
47.083525080533825
55.71905200184077
56.824666359871145
54.15554532903819
54.90796134376438
54.73193741371376
51.88564196962724
50.3255867464335
50.57869305108146
48.629774505292225
48.97146801656696
49.03819604233778
48.74137137597791
46.835020708697655
45.83525080533824
42.51495628163829
36.171191900598245
34.0945697192821
50.56143580303728
50.88817303267372
52.75770823745973
51.894845835250806
54.36953520478601
53.59410952600092
52.023699953980675
53.49286700414174
49.982742751955826
48.28347906120571
49.583525080533825
49.82052462034054
49.24758398527381
48.45720202485044
52.00874367234238
46.27818683847216
44.68361711919006
37.979751495628165
42.38610216290842
56.4369535204786
56.98688449148642
52.53106304647952
55.63851817763461
53.26737229636447
52.79107225034515
53.5377358490566
50.90427979751495
49.513345605154164
46.824666359871145
48.32604693971468
47.395306028531984
47.24229176254027
44.7710538426139
40.82029452369995
34.77335480901979
28.038426138978373
43.299585826046936
43.66889093419236
54.55246203405431
52.30211688909342
52.25954901058445
52.27795674183157
49.60538426138979
43.80349746893695
49.71237919926369
50.274965485503905
49.44891854578923
49.897606994937874
47.67602393005062
42.021398987574784
42.092728946157386
38.71606074551311
27.878508973768984
36.588817303267376
42.8865623561896
46.306948918545785
52.3090197883111
53.48021168890934
52.96709618039577
51.34376438104004
46.440404970087435
44.25103543488265
47.17326277036356
48.20754716981132
45.96985734008284
47.54601932811781
44.277496548550396
36.03888633225955
30.624712379199266
24.849286700414176
29.52369995398067
37.659917165209386
35.95720202485044
36.97192820984814
38.32259549010584
34.48688449148642
31.482972848596408
25.500460193281178
25.75586746433502
