52.11919005982513
33.06948918545789
37.533364012885414
47.083525080533825
55.71905200184077
56.78094799815923
54.121030832949835
54.82282558674644
54.712379199263694
51.84422457432122
50.11734928670042
50.5441785549931
48.59756097560975
48.96456511734929
49.01518637827888
48.72986654394846
46.71652093879429
45.76507132995859
43.32719742291762
38.68844914864243
34.17510354348827
51.65669581224114
53.874827427519556
52.75195582144501
51.86838472158306
54.325816843074094
53.57109986194202
51.99953980671882
37.100782328578
44.712379199263694
48.19259088817303
47.58628624022089
46.48872526461113
45.43373216751036
45.594799815922684
37.19282098481362
45.88472158306489
31.341463414634145
26.145881270133458
28.614818223653938
45.2542567878509
53.81155085135757
48.621721122871605
51.20915784629544
49.37298665439484
49.28439944776806
48.8046479521399
45.28301886792453
47.784169351127474
46.68315692590888
48.28347906120571
47.33433041877589
47.017947537965945
42.68522779567419
38.92314772204326
34.9516797054763
29.584675563736766
35.36815462494248
24.789461573861022
53.85641969627244
49.36033133916245
49.651403589507595
48.54118729866544
45.882420616659
45.18522779567418
48.45144960883571
50.31638288080994
50.36585365853659
49.41670501610677
44.28324896456512
39.777956741831574
44.86654394845836
35.02070869765301
24.175103543488266
34.54555913483663
40.51541647491946
47.37689829728486
47.856649792913025
53.05568338702255
49.184307409111824
47.54716981132076
33.298435342843995
42.03865623561896
47.58628624022089
48.0798435342844
44.014035895075935
43.69995398067188
43.98757478140819
31.600322135296828
28.895536125172573
3.0671882190520017
12.671421997238841
21.752185918085594
37.90036815462494
37.86585365853659
25.870915784629545
27.323976069949378
24.46387482742752
21.02162908421537
17.65991716520939
