52.11919005982513
33.06948918545789
37.533364012885414
47.083525080533825
55.71905200184077
56.78094799815923
54.121030832949835
54.81362172112287
54.651403589507595
51.763690750115046
47.6806258628624
48.481362172112284
48.543488265071325
47.86010124252186
45.363552692130696
48.38127013345605
45.88011965025311
45.2646111366774
42.63115508513576
35.49125632765762
33.24206166589968
39.462724344224576
50.31638288080994
52.67602393005062
51.80855959502991
54.28900138057985
53.53313391624482
51.962724344224576
21.617579383341003
32.090427979751496
3.13276576161988
6.759088817303267
1.8074091118269673
1.8545789231477219
12.375747814081913
0.8628624022089278
5.794983893235159
11.416244822825588
25.48090197883111
25.576392084675565
27.65416474919466
50.19788311090658
35.63621721122872
9.115278416935112
37.084675563736766
41.058444546709616
36.32650713299586
39.192360791532444
43.69650253106305
43.313391624482286
44.64335020708698
43.82075471698113
43.14772204325817
36.16543948458352
30.499309710078233
13.237459733087897
6.387482742751955
33.19949378739071
13.535434882650712
33.33755177174413
2.747353888633226
2.078923147722043
2.1479521398987576
3.6585365853658534
0.4567418315692591
31.932811780948
40.291072250345145
42.77956741831569
14.880349746893696
33.107455131155085
20.785780027611597
11.723423838011964
16.618729866543948
23.315692590888172
31.705016106764845
14.091118269673263
21.800506212609296
43.83916244822826
49.60883571099862
49.13713759779107
47.47123791992637
14.414404049700874
29.790612057063964
44.92061665899678
39.6491026231017
4.421306948918546
1.809710078232858
0.7029452369995398
1.9155545329038195
9.993097100782329
1.862632305568339
11.736079153244363
11.764841233317993
4.374137137597791
18.284629544408652
23.668890934192362
27.158306488725266
6.540497008743672
2.704786010124252
2.404509894155545
