52.11919005982513
33.06948918545789
37.533364012885414
47.083525080533825
55.71905200184077
56.78094799815923
54.121030832949835
54.81362172112287
54.651403589507595
51.763690750115046
47.6806258628624
48.481362172112284
48.543488265071325
47.86010124252186
45.363552692130696
48.37666820064427
44.849286700414176
41.86148182236539
26.013575701794757
3.632075471698113
31.19305108145421
24.370685687988956
14.866543948458352
52.55982512655315
51.6532443626323
54.11642890013806
53.32489645651174
51.69351127473539
5.827197422917625
0.6569259088817303
1.3138518177634606
5.327887712839392
0.4429360331339162
0.480901978831109
11.002070869765301
0.8202945236999539
4.861942015646572
0.5798435342843995
3.0556833870225493
1.5899677864703174
0.8962264150943396
1.9569719282098483
0.7880809940174873
0.4452369995398067
0.34284399447768066
1.57731247123792
30.6408191440405
15.150713299585828
17.573630924988496
1.791302346985734
1.7567878508973769
1.8223653934652553
1.747583985273815
2.2664519098021167
1.6958122411412793
1.5899677864703174
3.8034974689369534
1.286240220892775
3.3640128854118734
6.3713759779107235
2.180165669581224
2.0133456051541647
2.0501610676484123
3.383571099861942
0.41877588587206627
4.945927289461574
2.406810860561436
1.7843994477680627
1.8545789231477219
1.8867924528301887
1.1228716060745512
4.109526000920387
2.619650253106305
1.1251725724804418
2.6461113667740452
1.3345605154164748
3.3168430740911186
2.5506212609295904
2.2215830648872528
2.4022089277496548
2.329728485964105
1.7890013805798435
2.682926829268293
5.41302346985734
3.506672802577082
0.708697653014266
0.6638288080994018
0.5982512655315232
1.1734928670041418
3.2351587666820065
0.8789691670501611
1.402439024390244
1.0055223193741372
1.509433962264151
1.4726184997699034
0.8387022549470777
4.955131155085136
3.4169351127473537
1.4104924068108604
1.0515416474919466
