52.11919005982513
33.06948918545789
37.533364012885414
47.083525080533825
55.71905200184077
56.78094799815923
54.121030832949835
54.81362172112287
54.651403589507595
51.763690750115046
47.68407731247124
48.49746893695352
48.558444546709616
48.90589047399908
48.96916705016107
48.70225494707777
46.255177174413255
45.63736769443166
42.88426138978371
38.234008283479056
33.811550851357566
51.378278877128395
53.835710998619426
52.743902439024396
51.85687988955361
54.31776346065348
53.56419696272434
51.99263690750116
26.91670501610676
33.368614818223655
46.39898757478141
17.970547630004603
1.937413713759779
1.9638748274275197
12.609295904279797
14.414404049700874
37.68867924528302
29.888403129314312
25.74666359871146
27.290612057063967
44.26829268292683
52.50345144960884
48.619420156465715
51.19420156465716
49.35572940635067
49.263690750115046
48.250115048320296
42.455131155085134
47.49654855039117
46.64979291302347
48.2604693971468
47.31477220432582
46.87068568798895
40.62356189599632
30.507363092498853
22.95329038196042
22.22963644730787
34.41785549930971
14.29245283018868
50.26921306948918
9.780257708237459
48.52508053382421
48.48366313851818
33.63092498849517
25.28301886792453
45.74896456511735
46.434652554072706
43.32259549010584
46.03658536585366
44.271744132535666
31.822365393465258
44.761849976990334
34.21076852277957
23.33525080533824
31.763690750115046
14.157846295444088
21.828117809479984
46.75563736769443
49.61228716060745
49.148642429820526
47.485043718361716
22.55982512655315
41.41164289001381
47.349286700414176
44.589277496548554
43.01426599171652
39.72158306488725
16.380579843534285
29.80441785549931
26.984583525080534
2.208927749654855
11.7751955821445
11.8235158766682
5.269213069489186
26.904049700874367
24.116428900138057
27.191670501610677
18.141969627243444
7.718591808559595
6.189599631845375
