200,70.27633668266667,29.723663317333322
65736,49.379055273088895,50.6209447269111
131272,48.095392149035014,51.90460785096498
196808,47.39263729570766,52.60736270429235
262344,46.063657044955185,53.936342955044815
327880,43.15365094514799,56.84634905485202
393416,41.025471699632696,58.974528300367304
458952,36.27550281992407,63.72449718007592
524488,33.09259304852073,66.90740695147926
590024,30.24919932839995,69.75080067160005
655560,27.60616046013393,72.39383953986606
721096,25.404063332151416,74.59593666784858
786632,22.39991403666649,77.60008596333351
852168,19.528874453266525,80.47112554673348
917704,17.265618187043422,82.73438181295658
983240,15.453036661659041,84.54696333834096
1048776,14.549386234223851,85.45061376577615
1114312,13.912714543058632,86.08728545694136
1179848,13.533369120709684,86.46663087929032
1245384,13.533369120709684,86.46663087929032
