52.11919005982513
33.06948918545789
37.533364012885414
47.083525080533825
55.71905200184077
56.78094799815923
54.121030832949835
54.81362172112287
54.651403589507595
51.763690750115046
47.6806258628624
48.481362172112284
48.543488265071325
47.86010124252186
45.363552692130696
48.37666820064427
44.849286700414176
41.86148182236539
26.013575701794757
3.632075471698113
31.19305108145421
24.370685687988956
14.866543948458352
52.55982512655315
51.6532443626323
54.248734468476755
53.46870685687989
51.84537505752416
19.089967786470318
31.623331799355732
1.8511274735388863
5.369305108145421
0.49470777726645193
0.4935572940635066
11.011274735388863
0.8248964565117349
4.871145881270134
0.5832949838932352
3.0763920846755637
1.6037735849056605
0.9203865623561895
1.960423377818684
0.7880809940174873
0.45098941555453287
0.3462954440865163
1.5865163368614816
30.662678324896458
23.022319374137137
17.625402669121033
1.8580303727565577
1.82121491026231
37.09963184537506
42.67142199723884
8.33525080533824
16.465715600552233
8.381270133456052
4.150943396226415
1.3840312931431202
3.6642890013805802
6.541647491946617
2.6840773124712376
2.073170731707317
2.0892774965485503
3.542337781868385
0.43833410032213527
5.108145421076853
2.4413253566497928
1.8039576622181315
1.8718361711919005
1.9040497008743673
1.1999539806718822
4.157846295444086
5.598251265531523
19.0945697192821
3.2903819604233773
4.063506672802577
7.022549470777727
15.904279797514956
2.409111826967326
16.487574781408192
33.38817303267373
7.342383801196503
3.9450069028992174
10.697192820984814
5.09433962264151
3.1764841233317993
0.7558674643350207
0.6741831569259089
2.540266912103083
3.6965025310630466
1.1872986654394846
1.6463414634146343
1.5071329958582604
3.1431201104463873
1.6935112747353889
1.4001380579843534
7.450529222273356
4.124482282558675
2.5793833410032216
2.1962724344224576
