52.11919005982513
33.06948918545789
37.533364012885414
47.083525080533825
55.71905200184077
56.78094799815923
54.121030832949835
54.81362172112287
54.651403589507595
51.763690750115046
47.6806258628624
48.481362172112284
48.543488265071325
47.86010124252186
45.363552692130696
48.38127013345605
45.88011965025311
45.2646111366774
42.63115508513576
35.49125632765762
33.24206166589968
39.462724344224576
50.31638288080994
52.67602393005062
51.80855959502991
54.28900138057985
53.53313391624482
51.962724344224576
21.617579383341003
32.090427979751496
3.13276576161988
6.759088817303267
1.8074091118269673
1.8545789231477219
12.375747814081913
0.8628624022089278
5.794983893235159
11.416244822825588
25.48090197883111
25.576392084675565
27.65416474919466
50.19788311090658
35.63621721122872
9.115278416935112
37.084675563736766
39.80326737229636
35.82604693971468
39.009433962264154
43.40773124712379
43.26622181316153
44.644500690289924
43.819604233778186
42.95444086516337
33.35020708697653
30.39346525540727
12.146801656695812
6.233317993557294
29.252185918085594
4.500690289921767
6.591118269673263
2.7416014726184996
2.0800736309249888
2.1479521398987576
3.6527841693511274
0.4567418315692591
31.22641509433962
30.593649332719743
36.242521859180854
5.981362172112288
33.110906580763924
24.20271514035895
26.686608375517718
25.23699953980672
23.284629544408652
31.74413253566498
14.121030832949838
22.904970087436723
30.71445006902899
49.59618039576622
49.132535664979294
47.48849516797055
10.32098481362172
4.549010584445467
11.466866083755177
5.1415094339622645
3.2696732627703637
0.8191440404970088
0.7213529682466636
8.986424298205247
15.3382420616659
9.975839852738149
19.416705016106764
11.977680625862861
7.2583985273815
15.974459272894615
14.856189599631845
8.431891394385643
6.800506212609296
3.3479061205706393
4.460423377818684
