74.89185457892314
68.40312931431201
70.0023009664059
78.01541647491946
82.24574321214911
81.5566037735849
79.71583064887253
80.58099401748734
80.96640589047401
81.01817763460653
80.735158766682
79.68936953520479
78.59526000920387
79.01748734468477
79.20731707317074
78.6826967326277
79.55361251725725
76.9937873907041
76.2413713759779
72.1364473078693
68.46755637367694
79.04164749194662
79.41440404970088
79.07846295444087
78.62862402208928
80.33364012885413
80.55108145421077
79.94017487344685
85.79498389323516
79.16705016106765
78.151173492867
78.80119650253107
78.92314772204327
78.79544408651634
78.47560975609757
83.75977910722503
76.87413713759778
76.302346985734
71.24712379199264
72.7289461573861
82.31132075471697
81.764841233318
79.15439484583526
80.97215830648872
80.22549470777727
80.12655315232398
84.7837091578463
80.84100322135296
78.7689829728486
77.22158306488726
77.94293603313392
77.71514035895076
78.80004601932812
82.899217671422
75.14150943396226
76.46571560055223
68.19719282098481
77.25954901058445
81.6049240681086
80.6155085135757
79.53520478601013
79.60883571099862
80.45098941555453
80.96985734008284
85.69604233778186
79.9137137597791
80.40381960423377
81.19650253106305
80.16912103083294
79.04509894155545
84.85734008283478
78.38127013345606
78.20179475379659
71.45766221813162
70.75126553152325
81.70271514035895
82.13184537505752
80.64427059364934
81.16658996778648
80.72365393465255
80.11389783709157
85.12885411872986
79.38909341923608
79.10607455131155
79.50299125632766
78.79429360331339
80.76392084675564
82.8255867464335
73.48596410492408
67.7416014726185
66.61527841693511
72.1387482742752
83.29958582604694
75.74321214910262
76.12632305568339
80.71675103543488
73.50552231937414
71.98573400828347
66.69926369075012
62.83133916244823
