52.11919005982513
33.06948918545789
37.533364012885414
47.083525080533825
55.71905200184077
56.78094799815923
54.121030832949835
54.81362172112287
54.651403589507595
51.763690750115046
47.6806258628624
48.481362172112284
48.543488265071325
47.86010124252186
45.363552692130696
48.37666820064427
44.849286700414176
43.307639208467556
39.53290381960423
27.44477680625863
32.77611596870686
37.024850437183616
23.15922687528762
52.67257248044178
51.80510814542107
54.2878508973769
53.53083294983894
51.90404970087437
20.938794293603312
31.901748734468477
1.91785549930971
5.391164289001381
0.5085135757017948
0.5050621260929591
11.143580303727566
0.8628624022089278
5.7926829268292686
11.248274275195582
24.447768062586288
25.670731707317074
26.88794293603313
50.19673262770363
18.706856879889553
3.378969167050161
1.967326277036355
34.17510354348827
35.40612057063967
34.79866543948458
42.923377818683846
43.222503451449604
44.60768522779567
43.80004601932812
42.852047860101244
31.503681546249425
28.362862402208926
12.145651173492867
6.219512195121951
12.77266451909802
4.476530142659917
6.581914404049701
2.7416014726184996
2.0800736309249888
2.1479521398987576
3.650483202945237
0.4555913483663138
31.217211228716064
28.483663138518178
28.001610676484123
2.432121491026231
1.9546709618039577
5.279567418315692
23.889783709157847
25.106994937873907
23.276576161988036
31.738380119650255
14.111826967326277
16.479521398987576
23.765531523239762
49.593879429360335
49.126783248964564
47.48619420156466
10.31408191440405
4.537505752416015
10.913483663138518
5.118499769903359
3.2593189139438565
0.8087896916705016
0.7109986194201565
8.389323515876669
15.330188679245282
9.957432121491026
19.394845835250806
11.976530142659918
7.250345144960884
15.974459272894615
19.846985734008282
8.262770363552692
6.802807179015187
3.2995858260469397
3.6884491486424293
