52.11919005982513
33.06948918545789
37.533364012885414
47.083525080533825
55.71905200184077
56.78094799815923
54.121030832949835
54.81362172112287
54.651403589507595
51.79475379659457
50.025310630464794
50.51196502531064
48.5757017947538
48.935803037275655
48.997929130234695
48.71606074551312
46.67050161067648
45.68568798895536
43.26737229636448
38.557294063506674
34.16474919466176
51.55545329038196
53.86792452830189
52.74965485503912
51.86378278877128
54.3235158766682
53.56764841233318
51.99838932351588
35.599401748734465
44.708927749654855
48.06143580303728
46.27588587206627
31.68775885872066
2.0271514035895075
38.46410492406811
28.173032673722965
42.76115968706857
29.896456511734932
25.77542567878509
27.533364012885414
44.53980671882191
52.50460193281178
48.62057063966866
51.199953980671886
49.36838472158306
49.2751955821445
48.358260469397145
43.048780487804876
47.75885872066268
46.65324436263231
48.26852277956742
47.32282558674643
46.99263690750115
42.51840773124712
38.65048320294523
28.684997699033595
22.257248044178553
34.7330878969167
14.368384721583066
53.67809479981592
22.571329958582606
49.520248504371835
48.53888633225955
45.55913483663139
42.462034054302805
48.441095260009206
50.294523699953984
50.27266451909802
46.60377358490566
44.272894615738615
37.294063506672806
44.85849056603774
35.01725724804418
24.127933732167513
34.513345605154164
20.216290842153704
22.131845375057523
47.853198343304186
50.673032673722965
49.16129774505292
47.50460193281178
29.177404509894156
42.02369995398067
47.52876208007363
45.24275195582145
43.01771744132536
41.58881730326737
38.162678324896454
31.570409572020246
28.875977910722504
3.018867924528302
12.66912103083295
12.020248504371835
7.825586746433502
31.274735388863323
25.121951219512194
27.311320754716984
23.720662678324896
15.0966405890474
5.032213529682466
