52.11919005982513
33.06948918545789
37.533364012885414
47.083525080533825
55.71905200184077
56.78094799815923
54.121030832949835
54.81362172112287
54.651403589507595
51.763690750115046
47.6806258628624
48.481362172112284
48.543488265071325
47.86010124252186
45.363552692130696
48.37666820064427
44.849286700414176
43.307639208467556
39.53290381960423
27.44477680625863
32.77611596870686
37.024850437183616
23.15922687528762
52.67257248044178
51.80510814542107
54.2878508973769
53.53083294983894
51.90404970087437
20.938794293603312
31.901748734468477
1.91785549930971
5.391164289001381
0.5085135757017948
0.5050621260929591
11.143580303727566
0.8628624022089278
5.7926829268292686
11.248274275195582
24.447768062586288
25.670731707317074
26.88794293603313
50.19673262770363
18.706856879889553
3.378969167050161
1.967326277036355
34.17510354348827
35.40612057063967
34.79866543948458
42.94868844914864
43.227105384261385
44.63529682466636
43.815002300966405
43.032673722963644
34.77795674183157
30.499309710078233
13.18568798895536
6.343764381040037
31.963874827427517
13.527381500230096
8.717211228716062
2.7416014726184996
2.078923147722043
2.1479521398987576
3.6470317533364014
0.4555913483663138
31.576161988034972
38.33410032213529
41.09295904279798
2.421767142199724
1.9489185457892313
5.260009203865624
11.705016106764841
16.604924068108605
23.168430740911184
31.701564657156005
14.088817303267373
21.795904279797515
42.82673722963645
49.60768522779567
49.13713759779107
47.47123791992637
14.38909341923608
29.7710538426139
44.92061665899678
18.404279797514956
3.2742751955821445
0.8191440404970088
0.6833870225494708
1.9098021168890935
9.941325356649793
1.8580303727565577
11.708467556373677
11.764841233317993
4.374137137597791
18.141969627243444
22.33548090197883
27.158306488725266
6.540497008743672
2.703635526921307
2.404509894155545
