52.11919005982513
33.06948918545789
37.533364012885414
47.198573400828344
55.78232857800276
56.87528762080074
54.17165209387943
54.95628163828808
54.75034514496089
53.92314772204326
51.2310170271514
50.668430740911184
48.65738610216291
49.012885411872986
49.07616198803497
48.76438104003682
47.082374597330876
45.858260469397145
43.604463874827424
38.77243442245743
34.42936033133917
52.38034974689369
53.99217671421997
52.823285780027604
51.94316612977451
54.41440404970087
53.64818223653934
52.05591348366314
54.94247583985273
50.14381040036815
48.32374597330879
49.61803957662218
49.85388863322596
49.320064427059364
48.689599631845375
52.527611596870685
46.58766682006443
44.72043258168431
38.039576622181315
42.50345144960884
57.23999079613438
57.00529222273355
52.541417395306034
55.63621721122871
53.25241601472619
52.82098481362172
55.693741371375985
51.26208007363092
49.522549470777726
46.88104003681546
48.343304187758854
47.406810860561436
47.977450529222274
52.93948458352508
43.61366774045099
43.51932811780948
32.51380579843534
49.04509894155545
55.53957662218132
54.61458812701334
52.465485503911644
52.279107225034515
52.3090197883111
51.30119650253106
55.88472158306489
50.44178554993097
50.51196502531064
51.85918085595951
49.899907961343764
47.68522779567419
51.40473999079613
45.23469857340083
44.22457432121491
36.563506672802575
37.49884951679706
54.953980671882185
56.33456051541648
52.71744132535665
53.541187298665434
53.052231937413715
51.45881270133456
53.70685687988955
48.57455131155085
47.94063506672803
48.244362632305574
46.01127473538887
49.42590888173033
51.49332719742292
39.59848136217211
32.212379199263694
33.812701334560515
38.744822825586745
51.631385181776345
42.03750575241602
41.15163368614818
42.37114588127013
39.22917625402669
32.780717901518635
27.434422457432124
26.404739990796134
