80.7374597330879
75.67073170731707
76.46916705016108
83.18453750575242
86.84767602393005
85.94684767602394
83.50322135296825
83.38357109986194
74.49263690750115
72.6599171652094
72.49079613437644
70.85365853658536
68.8173032673723
69.08881730326738
69.27749654855039
68.7563276576162
70.9560515416475
67.4183156925909
67.17326277036355
62.649562816382875
58.90819144040497
73.16267832489646
73.9012885411873
73.20294523699954
72.2940635066728
72.99010584445466
72.32627703635526
71.23561895996319
81.36677404509895
70.10124252185919
69.03589507593189
69.34422457432122
69.37643810400368
68.67119190059825
69.5927289461574
79.05775425678785
68.40773124712379
69.0796134376438
62.604693971468016
65.77197422917625
78.12701334560515
76.99263690750115
73.72296364473078
75.29912563276577
72.29521398987575
71.41969627243442
79.29590427979751
72.49539806718822
69.36953520478602
67.82213529682467
68.31914404049701
67.36884491486424
69.35227795674183
76.97883110906581
65.95029912563277
68.4203865623562
58.2604693971468
72.04095720202484
76.0377358490566
75.2669121030833
73.36976530142661
71.82926829268293
71.90520018407732
72.95329038196043
79.60883571099862
69.93212149102624
70.77542567878508
72.43327197422917
70.15646571560056
68.17188219052002
78.84951679705476
67.53336401288541
69.19926369075012
61.13322595490106
61.50943396226415
75.8087896916705
76.0526921306949
73.21905200184078
73.63322595490106
72.08237459733088
70.71445006902898
79.45121951219512
68.98872526461113
68.62747353888633
68.98872526461113
67.39415554532904
71.13897837091578
75.09088817303268
63.44914864242982
58.06833870225495
59.570869765301424
62.93258168430741
76.94316612977451
65.64312011044639
64.64565117349287
72.94408651633685
62.921076852277956
62.854348826507135
58.1994937873907
53.696502531063054
