52.11919005982513
33.06948918545789
37.533364012885414
47.083525080533825
55.71905200184077
56.78094799815923
54.138288080994016
54.8676944316613
54.71813161527842
51.86033133916245
50.281868384721584
50.55683387022549
48.61596870685688
48.96456511734929
49.02208927749655
48.73446847676024
46.8108605614358
45.7731247123792
42.49424758398527
36.16083755177175
34.05545329038196
50.48780487804878
50.870915784629545
52.738150023009666
51.86608375517717
54.339622641509436
53.56994937873907
51.99493787390704
51.874137137597785
46.390934192360795
44.80441785549931
46.168890934192355
46.37482742751956
45.34514496088357
45.47630004601933
51.59341923607915
46.000920386562356
44.02439024390244
37.323976069949374
41.67625402669121
52.72089277496549
56.822365393465255
52.355039116428905
55.46709618039577
53.113207547169814
52.64265991716521
47.39300506212609
43.875977910722504
45.69374137137598
46.756787850897375
48.293833410032214
47.337781868384724
46.94661757938334
39.309710078232854
40.43948458352508
30.236999539806718
24.95398067188219
42.46893695352048
43.63322595490106
54.42360791532443
47.88886332259549
52.22963644730787
52.24344224574321
49.17050161067648
40.64887252646112
47.88541187298666
50.13115508513576
49.715830648872526
49.86309249884952
47.659917165209386
36.38633225954901
41.68775885872066
36.63713759779107
27.399907961343768
35.99746893695352
37.47353888633226
40.05407271053842
44.35227795674183
53.46410492406811
52.94868844914864
51.320754716981135
42.919926369075014
43.043028071790154
44.59157846295444
46.88104003681546
45.943396226415096
46.91095260009204
42.523009664058904
35.39806718821905
29.016336861481822
23.375517717441323
26.85803037275656
35.295674183156926
34.24298205246203
34.26599171652094
37.72434422457432
34.070409572020246
31.37482742751956
24.630694891854578
23.796594569719282
