200,78.19062369205615,21.809376307943854
65736,48.636586095983034,51.363413904016966
131272,48.058634540555204,51.941365459444796
196808,47.37057122589098,52.62942877410902
262344,45.9362651830782,54.0637348169218
327880,42.838662975642876,57.16133702435712
393416,40.0362030805522,59.9637969194478
458952,37.18995618769183,62.810043812308166
524488,34.0889025616199,65.9110974383801
590024,31.575383930056773,68.42461606994323
655560,29.128109526858825,70.87189047314118
721096,26.716695363295173,73.28330463670483
786632,23.44232299802188,76.55767700197812
852168,19.65917701152705,80.34082298847295
917704,17.302444823895964,82.69755517610403
983240,15.453036661659041,84.54696333834096
1048776,14.549386234223851,85.45061376577615
1114312,13.912714543058632,86.08728545694136
1179848,13.533369120709684,86.46663087929032
1245384,13.533369120709684,86.46663087929032
