52.11919005982513
33.08214450069029
38.06258628624022
49.86424298205247
57.81293143120111
57.04210768522779
54.29475379659458
55.210538426138974
55.07478140819144
54.684767602393
52.525310630464794
51.15278416935113
48.83571099861942
49.10952600092039
49.22572480441785
48.84491486424298
48.08099401748734
46.0147261849977
43.762080073630926
38.873676944316614
34.68936953520478
53.09134836631385
54.140589047399914
52.8969167050161
52.07086976530143
54.6491026231017
54.01058444546709
52.31592268752876
56.48872526461114
50.32903819604234
48.40888173032673
49.70547630004602
50.050621260929596
49.54325816843074
49.14519098021169
53.762080073630926
46.771744132535666
45.10814542107685
38.21675103543488
42.640358950759314
57.720892774965485
57.141049240681085
52.63000460193281
55.799585826046936
53.56419696272434
53.17418315692591
56.754486884491484
51.93396226415095
49.659456971928215
46.97077772664519
48.50552231937414
47.61044638748274
48.74827427519558
54.05430280717901
43.71145881270134
43.84951679705476
32.850897376898295
49.528301886792455
55.674183156925906
54.71698113207547
52.524160147261846
52.466635987114586
52.596640589047404
52.1744132535665
56.550851357570174
50.669581224114125
50.63506672802577
51.98688449148643
50.110446387482746
47.852047860101244
52.823285780027604
45.371606074551316
44.53175333640129
36.68315692590888
37.75080533824206
55.38080994017487
56.39093419236079
52.83018867924528
53.687298665439485
53.33410032213529
51.67740450989415
55.04716981132075
48.72871606074551
48.110906580763924
48.3214450069029
46.182696732627704
50.30717901518638
52.26184997699034
39.87804878048781
32.74045098941556
34.36148182236539
38.80694891854579
52.37459733087897
42.11573861021629
41.50483202945237
48.122411412793376
39.49033594109526
37.856649792913025
32.35734008283479
30.75356649792913
