52.11919005982513
33.06948918545789
37.533364012885414
47.083525080533825
55.71905200184077
56.825816843074094
54.15669581224114
54.910262310170275
54.73193741371376
51.88794293603314
50.32788771283939
50.58099401748735
48.63322595490106
48.97376898297285
49.04394845835251
48.744822825586745
46.84652554072711
45.83985273815002
43.4790612057064
38.74022089277497
34.22342383801196
52.01909802116889
53.90473999079614
52.77611596870686
51.90174873446848
54.37873907040958
53.6113667740451
52.022549470777726
53.96686608375517
50.00345144960884
48.29153244362632
49.581224114127934
49.837781868384724
49.259088817303265
48.48366313851818
51.9788311090658
46.441555453290384
44.68361711919006
37.978601012425216
42.37459733087897
56.49217671421998
56.958122411412795
52.50805338242061
55.621260929590434
53.25471698113208
52.780717901518635
55.01035434882651
51.17694431661298
49.47653014265992
46.79935572940635
48.317993557294066
47.36999539806719
47.725494707777266
52.69098021168891
43.52853198343304
42.98780487804878
32.45052922227335
48.8529682466636
55.25080533824206
54.56051541647492
52.44592728946157
52.24919466175793
52.268752876208005
50.730556833870224
55.289921767142204
50.3025770823746
50.4578923147722
51.832719742291765
49.88150023009664
47.67257248044179
50.90312931431201
45.0356649792913
43.863322595490104
36.0147261849977
37.344684767602395
54.138288080994016
56.27933732167511
52.64381040036815
53.500920386562356
53.00736309249885
51.37942936033134
52.51380579843534
48.50782328578003
47.86010124252186
48.21329958582605
45.979061205706394
49.24068108605614
50.673032673722965
39.386792452830186
32.15715600552232
32.146801656695814
38.7080073630925
41.09065807639208
41.51978831109066
41.08030372756558
29.39829728485964
28.319144040497008
25.016106764841233
23.558444546709616
25.8697653014266
