52.11919005982513
33.06948918545789
37.533364012885414
47.083525080533825
55.71905200184077
56.78094799815923
54.121030832949835
54.81362172112287
54.651403589507595
51.79475379659457
50.025310630464794
50.51196502531064
48.5757017947538
48.935803037275655
48.997929130234695
48.71606074551312
46.67050161067648
45.68568798895536
43.26737229636448
38.557294063506674
34.16474919466176
51.55545329038196
53.86792452830189
52.74965485503912
51.86378278877128
54.3235158766682
53.56764841233318
51.99838932351588
35.599401748734465
44.708927749654855
48.06143580303728
46.27588587206627
31.68775885872066
2.0271514035895075
38.46525540727105
28.152323976069948
42.776115968706854
29.90220892774966
25.782328578002762
27.533364012885414
32.29636447307869
51.694661757938334
45.41992636907501
51.19765301426599
49.36493327197423
49.28900138057985
41.449608835711
40.84330418775886
44.0232397606995
46.64749194661758
46.99608835710999
43.83456051541648
43.28693051081454
37.70823745973309
39.61113667740451
28.958812701334562
23.605614358030373
39.4201564657156
32.346985734008285
52.57593189139439
32.650713299585824
52.1134376438104
52.205476300046016
48.20064427059365
32.58168430740911
46.96962724344225
48.85757017947538
47.193971468016564
49.829728485964104
47.62885411872987
32.329728485964104
41.60492406810861
34.1302346985734
23.52393005062126
35.32328578002761
32.05591348366314
38.26737229636447
42.66682006442706
53.44799815922687
52.915324436263234
51.2919926369075
31.293143120110443
40.37965945697193
44.530602853198346
45.3255867464335
45.927289461573864
44.339622641509436
34.9873446847676
33.120110446387486
28.642429820524622
18.109756097560975
23.453750575241603
22.063966866083756
33.11895996318454
31.433502070869768
25.745513115508512
27.2940635066728
24.588127013345606
18.224804417855502
20.92268752876208
