52.11919005982513
33.06948918545789
37.533364012885414
47.083525080533825
55.71905200184077
56.78094799815923
54.121030832949835
54.81362172112287
54.651403589507595
51.763690750115046
47.6806258628624
48.481362172112284
48.543488265071325
47.86010124252186
45.363552692130696
48.37666820064427
44.849286700414176
41.86148182236539
26.013575701794757
3.632075471698113
31.19305108145421
24.370685687988956
14.866543948458352
52.55982512655315
51.6532443626323
54.24758398527382
53.46870685687989
51.84537505752416
19.03129314312011
29.638748274275194
1.8511274735388863
5.369305108145421
0.49470777726645193
0.4935572940635066
11.01242521859181
0.8271974229176254
4.875747814081914
0.5832949838932352
3.162678324896456
1.6014726184997699
0.9203865623561895
1.9615738610216291
0.7880809940174873
0.4498389323515877
0.34744592728946155
1.5865163368614816
30.7731247123792
23.02116889093419
17.638057984353427
1.859180855959503
1.82121491026231
38.44569719282098
42.67832489645651
7.788771283939254
14.596180395766222
7.42291762540267
3.9875747814081914
1.3909341923607914
3.64242982052462
6.546249424758399
2.674873446847676
2.0754716981132075
2.0892774965485503
3.5400368154624937
0.4348826507132996
5.052922227335481
2.4574321214910264
1.805108145421077
1.8856419696272435
1.9109526000920387
1.1734928670041418
4.1774045098941555
6.369075011504832
19.605384261389784
3.550391164289001
5.975609756097561
6.892544868844914
8.437643810400369
2.3780487804878048
16.908651633686148
29.111826967326277
8.624022089277497
3.988725264611136
9.323515876668202
4.982742751955822
2.8762080073630925
0.8214450069028992
0.9549010584445468
3.0315232397606993
3.595260009203866
9.02899217671422
7.2261849976990336
4.1958122411412795
4.559364933271974
2.791072250345145
1.6187298665439485
7.8520478601012424
5.2323976069949385
2.936033133916245
2.068568798895536
