52.11919005982513
33.06948918545789
37.533364012885414
47.083525080533825
55.71905200184077
56.78094799815923
54.121030832949835
54.81362172112287
54.651403589507595
51.763690750115046
47.6806258628624
48.481362172112284
48.543488265071325
47.86010124252186
45.363552692130696
48.37666820064427
44.849286700414176
41.86148182236539
26.013575701794757
3.632075471698113
31.19305108145421
24.370685687988956
14.866543948458352
52.594339622641506
51.78209848136217
54.27289461573861
53.47445927289461
51.84537505752416
20.174873446847677
29.65140358950759
1.863782788771284
5.378508973768983
0.5039116428900138
0.5004601932811781
11.061895996318453
0.8421537045559134
5.706396686608375
0.9157846295444086
3.9967786470317535
1.607225034514496
0.9261389783709159
3.612517257248044
2.4700874367234236
2.034054302807179
1.8223653934652553
3.1143580303727565
31.622181316152787
24.675563736769444
41.363322595490104
43.19259088817303
44.600782328578006
43.79429360331339
42.83248964565117
30.8341003221353
16.549700874367236
7.432121491026231
3.9990796134376434
1.4001380579843534
3.656235618959963
6.554302807179015
2.694431661297745
2.0835250805338243
2.0984813621721123
3.5814542107685226
0.4394845835250806
5.059825126553152
2.4597330878969164
1.8085595950299127
1.8867924528301887
1.912103083294984
1.198803497468937
5.482052462034055
8.414634146341465
19.496088357109986
3.806948918545789
15.999769903359413
6.745283018867925
20.375057524160148
31.43235158766682
32.82788771283939
33.40773124712379
8.698803497468937
4.008283479061206
9.262540266912103
4.950529222273355
2.8842613897837093
0.8490566037735849
0.9572020248504373
3.063736769443166
3.71260929590428
9.968936953520478
7.763460653474459
7.820984813621721
6.152784169351127
14.930971007823285
1.6612977450529223
8.080994017487345
6.004371836171192
2.9716981132075473
2.1537045559134835
