52.11919005982513
33.06948918545789
37.533364012885414
47.083525080533825
55.71905200184077
56.78094799815923
54.121030832949835
54.81362172112287
54.651403589507595
51.763690750115046
47.6806258628624
48.481362172112284
48.546939714680164
48.89783709157846
48.953060285319836
48.69880349746894
46.14473078693051
45.360101242521864
41.97192820984814
33.66313851817763
33.58490566037736
50.277266451909796
50.7478140819144
52.69903359410952
51.84307409111827
54.30280717901519
53.546939714680164
51.975379659456976
25.791532443626323
31.023930050621264
44.65255407271054
29.74229176254027
1.8108605614358029
1.8603313391624483
12.463184537505752
0.8870225494707777
5.824896456511735
16.213759779107225
25.598251265531523
25.641969627243444
29.52369995398067
50.23469857340083
48.43189139438564
51.07915324436263
49.24873446847676
49.14749194661758
46.07800276115969
41.90865163368615
44.03014265991717
46.616428900138054
48.26161988034975
47.31132075471698
44.41555453290382
38.828808099401755
30.50506212609296
13.317993557294065
6.464565117349287
34.4201564657156
14.13253566497929
44.4684767602393
9.125632765761619
14.299355729406352
2.151403589507593
4.2314772204325815
17.68407731247124
28.751725724804416
38.07063966866084
38.58605614358031
38.21099861942015
33.72181316152784
22.834790612057063
29.04049700874367
24.416705016106764
24.467326277036356
24.51219512195122
22.786470317533364
27.156005522319376
33.34905660377358
49.59963184537506
49.14519098021169
40.602853198343304
12.105384261389784
14.283248964565118
36.62793373216751
28.602162908421537
25.494707777266452
16.02393005062126
21.72917625402669
12.303267372296364
17.544868844914866
15.846755637367693
19.566267832489643
16.375977910722504
8.308789691670501
17.96134376438104
19.022089277496548
18.04187758858721
20.018407731247123
7.4781408191440395
10.454440865163368
