52.11919005982513
33.06948918545789
37.533364012885414
47.083525080533825
55.71905200184077
56.78094799815923
54.121030832949835
54.81362172112287
54.651403589507595
51.763690750115046
47.6806258628624
48.481362172112284
48.546939714680164
48.89898757478141
48.95766221813162
48.69880349746894
46.14818223653935
45.360101242521864
42.70938794293603
35.72940635066728
33.689599631845375
50.983663138518175
53.632075471698116
52.713989875747814
51.849976990335946
54.31661297745053
53.559595029912565
51.98228255867464
25.289921767142197
33.35480901978831
27.271053842613895
6.9063506672802575
1.936263230556834
1.9615738610216291
12.600092038656236
0.8870225494707777
5.972158306488725
16.241371375977913
25.72020248504372
26.925908881730326
37.26760239300506
50.49815922687528
48.59526000920387
51.19420156465716
49.348826507133
49.256787850897375
47.867004141739535
42.349286700414176
45.670731707317074
46.635987114588126
48.25931891394386
47.31247123791993
46.65324436263231
39.06005522319374
30.503911642890014
13.331799355729407
6.40819144040497
34.40520018407731
14.278647031753335
44.55706396686608
9.11642890013806
32.95904279797515
2.15945697192821
3.98297284859641
22.65646571560055
36.73147722043258
46.43580303727566
43.32604693971468
46.03428439944777
44.264841233317995
28.078693051081455
41.967326277036356
33.364012885411874
23.34330418775886
31.79015186378279
14.164749194661757
22.91762540266912
31.580763920846756
49.60653474459273
49.139438564196965
47.50460193281178
12.42982052462034
16.948918545789233
31.8844914864243
31.843074091118268
13.2731247123792
27.250345144960885
17.37459733087897
12.20547630004602
18.428439944776805
10.071329958582604
19.471928209848137
12.015646571560055
7.290612057063966
16.034284399447767
18.313391624482282
15.240450989415555
17.523009664058904
5.233548090197883
5.216290842153704
