52.11919005982513
33.06948918545789
37.533364012885414
47.083525080533825
55.71905200184077
56.78094799815923
54.121030832949835
54.82282558674644
54.712379199263694
51.84422457432122
50.11734928670042
50.5441785549931
48.59756097560975
48.96456511734929
49.01518637827888
48.72986654394846
46.71652093879429
45.76507132995859
43.32719742291762
38.68844914864243
34.17510354348827
51.65669581224114
53.874827427519556
52.75195582144501
51.86838472158306
54.325816843074094
53.57109986194202
51.99953980671882
37.100782328578
44.712379199263694
48.19259088817303
47.58628624022089
46.48872526461113
45.4348826507133
45.59825126553152
37.17211228716061
45.89047399907961
31.778647031753337
28.26967326277036
30.29912563276576
32.93258168430741
53.10860561435803
49.57432121491026
51.205706396686615
49.38219052001841
52.17671421997239
47.58168430740911
42.005292222733544
45.46479521398988
46.71882190520019
48.28002761159687
47.321675103543484
46.950069028992175
39.87804878048781
38.301886792452834
29.162448228255865
22.772664519098022
39.86539346525541
40.36585365853659
54.43971468016567
52.399907961343764
52.221583064887255
52.22848596410492
49.453520478601014
43.86447307869305
47.61044638748274
50.369305108145426
51.79475379659457
49.85734008283479
47.6449608835711
42.146801656695814
41.81546249424758
34.34652554072711
23.706856879889553
36.00552231937414
38.55269213069489
38.47215830648872
50.19328117809479
53.45144960883571
52.92797975149563
51.29429360331339
39.583525080533825
41.47952139898757
46.02853198343304
48.175333640128855
45.94799815922688
46.15048320294524
40.549930971007825
33.25241601472618
28.918545789231477
18.52623101702715
23.52393005062126
22.1617579383341
33.26737229636447
31.562356189599633
25.910032213529682
27.39645651173493
24.598481362172112
18.385872066267833
21.08950759318914
