52.11919005982513
33.06948918545789
37.533364012885414
47.083525080533825
55.71905200184077
56.78094799815923
54.121030832949835
54.81362172112287
54.651403589507595
51.763690750115046
47.68407731247124
48.49746893695352
48.558444546709616
48.90473999079614
48.96456511734929
48.70225494707777
46.251725724804416
45.63736769443166
42.13069489185458
36.09410952600092
33.6953520478601
50.3025770823746
50.83064887252646
52.728946157386105
51.84537505752416
54.303957662218124
53.55154164749195
51.981132075471706
27.38380119650253
31.027381500230096
44.6744132535665
46.0987114588127
19.515646571560055
1.8672342383801197
12.47353888633226
15.702945236999541
42.532213529682465
29.853888633225957
25.637367694431664
25.91348366313852
26.08260469397147
51.08605614358031
45.288771283939255
51.08145421076852
49.25448688449149
49.186608375517714
44.753796594569714
41.572710538426136
44.0209387942936
46.67165209387943
48.2604693971468
46.692360791532444
43.305338242061666
38.61366774045099
30.520018407731246
21.902899217671422
18.236309249884954
38.98642429820525
32.0041417395306
48.74827427519558
27.749654855039118
48.52277956741832
41.85803037275655
18.45490105844455
12.57248044178555
29.216520938794293
30.172572480441783
34.54325816843074
39.73768982972848
44.256787850897375
25.773124712379197
26.86263230556834
25.264611136677406
23.33294983893235
33.01081454210769
24.012885411872986
33.24666359871146
31.72802577082375
49.59963184537506
49.14173953060285
47.48389323515877
17.19052001840773
32.471237919926374
33.358260469397145
42.96249424758399
23.406580763920847
30.488955361251723
9.91831569259089
15.390013805798436
20.5188679245283
14.796364473078693
20.18407731247124
14.443166129774504
18.258168430740913
17.225034514496087
23.215600552231937
27.17901518637828
12.422917625402668
8.625172572480441
14.049700874367236
