52.11919005982513
33.06948918545789
37.533364012885414
47.083525080533825
55.71905200184077
56.78094799815923
54.121030832949835
54.81362172112287
54.651403589507595
51.763690750115046
47.68407731247124
48.49746893695352
48.558444546709616
48.90589047399908
48.96916705016107
48.70225494707777
46.255177174413255
45.63736769443166
42.88426138978371
38.234008283479056
33.811550851357566
51.378278877128395
53.835710998619426
52.743902439024396
51.85687988955361
54.31776346065348
53.56419696272434
51.99263690750116
26.91670501610676
33.368614818223655
46.39898757478141
17.970547630004603
1.937413713759779
1.9638748274275197
12.609295904279797
14.414404049700874
37.52185918085596
29.887252646111367
25.74666359871146
27.291762540266912
32.286010124252186
51.68430740911183
45.417625402669124
51.19190059825126
49.34652554072711
49.26829268292683
40.24850437183617
40.45098941555453
44.008283479061205
46.63943856419696
45.597100782328575
43.83110906580764
43.20754716981132
37.281408191440406
30.52116889093419
23.022319374137137
22.353888633225953
38.9012885411873
31.476069949378736
48.8046479521399
29.027841693511274
43.27197422917625
2.165209387942936
23.191440404970088
17.26990335941095
42.70938794293603
46.442705936493326
43.33179935572941
46.03313391624482
44.267142199723885
28.27082374597331
42.09963184537506
32.218131615278416
23.342153704555912
33.034974689369534
23.951909802116887
33.65048320294524
31.75333640128854
49.60653474459273
49.14173953060285
47.51150483202945
18.350207086976532
37.16635987114588
44.32581684307409
43.41693511274735
41.23676944316613
39.67211228716061
13.405430280717901
13.3697653014266
21.24137137597791
14.41325356649793
19.471928209848137
13.684997699033593
18.871375977910724
16.042337781868383
18.373216751035436
27.21468016566958
14.400598251265532
9.173953060285319
14.399447768062586
