52.11919005982513
33.06948918545789
37.533364012885414
47.083525080533825
55.71905200184077
56.78094799815923
54.121030832949835
54.81362172112287
54.651403589507595
51.79475379659457
50.025310630464794
50.51196502531064
48.5757017947538
48.93465255407271
48.99332719742292
48.71606074551312
46.66359871145882
45.68338702254947
42.459733087896915
36.109065807639205
34.03589507593189
50.341693511274734
50.8571099861942
52.73354809019788
51.85112747353888
54.309710078232854
53.55499309710078
51.98688449148643
36.09295904279797
42.36424298205247
44.716981132075475
46.132075471698116
46.32305568338702
45.306028531983436
45.43603313391624
29.30165669581224
42.56787850897376
29.906810860561432
25.66152784169351
26.084905660377363
26.205706396686608
51.09986194201564
45.27496548550391
51.08260469397147
49.25448688449149
49.17165209387943
42.82903819604234
40.59595029912563
44.056603773584904
46.64519098021169
48.255867464335026
45.541877588587205
43.21329958582605
36.58651633686148
36.75448688449149
25.685687988955365
19.23607915324436
39.14404049700874
33.44454670961804
48.53198343304187
30.81224114127934
48.59410952600092
48.53198343304187
44.703175333640125
32.99700874367234
48.05338242061666
46.44730786930511
43.32834790612058
46.04233778186838
44.28670041417395
30.552231937413715
43.2121491026231
34.18545789231477
23.353658536585368
33.09364933271974
28.529682466635986
33.684997699033595
37.35043718361712
49.60653474459273
49.14979291302347
47.4873446847676
25.81914404049701
41.894845835250806
46.29889553612517
44.590427979751496
43.01771744132536
39.86309249884952
22.97399907961344
30.49470777726645
28.624022089277496
16.397837091578463
20.209387942936033
19.04855039116429
19.44431661297745
21.1113667740451
23.68384721583065
27.24344224574321
24.055453290381962
16.65899677864703
17.48044178554993
