52.11919005982513
33.06948918545789
37.533364012885414
47.083525080533825
55.71905200184077
56.78094799815923
54.121030832949835
54.81362172112287
54.651403589507595
51.763690750115046
47.6806258628624
48.481362172112284
48.543488265071325
47.86010124252186
45.363552692130696
48.38127013345605
45.87781868384722
45.2646111366774
41.94201564657156
33.559595029912565
33.176484123331804
40.541877588587205
48.07294063506673
52.67602393005062
51.80855959502991
54.2878508973769
53.53313391624482
51.962724344224576
22.929130234698572
31.01932811780948
9.001380579843534
6.755637367694432
1.805108145421077
1.8545789231477219
12.369995398067188
0.8617119190059825
5.766221813161527
11.459963184537505
25.58559595029913
25.187528762080074
21.571560055223195
50.17027151403589
45.25195582144501
40.90312931431201
46.10561435803037
49.078462954440866
36.46801656695812
39.193511274735386
43.759779107225036
43.25931891394386
44.636447307869304
43.82075471698113
42.926829268292686
32.86585365853659
29.875747814081915
12.17901518637828
6.06764841233318
31.06764841233318
4.3465255407271055
6.591118269673263
2.7254947077772664
2.078923147722043
2.1479521398987576
3.71260929590428
0.45098941555453287
24.814772204325816
23.147722043258167
32.04210768522779
26.125172572480444
25.55338242061666
16.715370455591348
26.70271514035895
25.180625862862406
23.282328578002762
31.763690750115046
14.153244362632305
22.820984813621724
31.57156005522319
49.59618039576622
49.139438564196965
42.49309710078233
8.323745973308789
3.9691670501610674
11.711919005982512
5.143810400368155
3.1396686608375517
1.5911182696732629
2.9325816843074093
8.913943856419698
14.368384721583066
9.9516797054763
19.431661297745055
15.135757017947537
7.35273815002301
16.06764841233318
12.749654855039116
8.808099401748734
5.935342843994477
4.496088357109986
5.236999539806718
