200,70.98064467438051,29.01935532561949
65736,48.34871477223283,51.651285227767175
131272,47.36601535329066,52.633984646709344
196808,45.94269632647107,54.057303673528935
262344,44.65178522328033,55.34821477671967
327880,42.0401312551498,57.9598687448502
393416,40.194324073023736,59.805675926976264
458952,35.89894154194199,64.10105845805802
524488,32.65471156609501,67.345288433905
590024,30.868360822348812,69.1316391776512
655560,28.02859109179646,71.97140890820354
721096,25.700229565358253,74.29977043464176
786632,22.06210068524466,77.93789931475534
852168,19.82497165810063,80.17502834189936
917704,17.353295725141905,82.6467042748581
983240,15.474274391002934,84.52572560899708
1048776,14.533268109190919,85.46673189080907
1114312,13.89745927268485,86.10254072731514
1179848,13.533369120709684,86.46663087929032
1245384,13.533369120709684,86.46663087929032
