52.11919005982513
33.06948918545789
37.533364012885414
47.083525080533825
55.71905200184077
56.78094799815923
54.121030832949835
54.81362172112287
54.651403589507595
51.763690750115046
47.6806258628624
48.481362172112284
48.543488265071325
47.86010124252186
45.363552692130696
48.37666820064427
44.849286700414176
41.86148182236539
26.013575701794757
3.632075471698113
32.61504832029453
36.646341463414636
20.02646111366774
52.646111366774036
51.80510814542107
54.28554993097101
53.53083294983894
51.86263230556833
20.842153704555912
31.89944776806259
1.9155545329038195
5.390013805798436
0.5085135757017948
0.5050621260929591
11.128624022089276
0.859410952600092
5.755867464335021
0.9226875287620802
4.05545329038196
1.7671421997238839
3.0591348366313853
4.001380579843534
10.70064427059365
2.175563736769443
1.951219512195122
32.984353428439945
35.31523239760699
32.74850437183618
42.94408651633686
43.222503451449604
44.63414634146341
43.81155085135757
42.99470777726645
34.331569259088816
30.499309710078233
13.139668660837552
6.218361711919005
31.959272894615737
9.649102623101703
6.5807639208467545
2.690980211688909
2.077772664519098
2.097330878969167
3.6228716060745514
0.4452369995398067
5.124252185918086
2.4482282558674644
8.399677864703175
1.912103083294984
1.9351127473538887
5.257708237459733
10.636217211228715
16.47837091578463
23.148872526461115
31.661297745052924
14.080763920846756
21.79245283018868
34.50759318913944
49.60423377818684
49.135987114588126
47.470087436723425
14.363782788771285
29.737689829728488
44.91831569259089
12.909572020248506
3.212149102623102
0.8030372756557755
0.6500230096640589
1.6037735849056605
3.984123331799356
1.233317993557294
11.301196502531063
11.763690750115048
4.371836171191901
13.143120110446388
4.754947077772664
27.15025310630465
6.535895075931891
2.6955821445006904
2.3861021629084216
