52.11919005982513
33.06948918545789
37.533364012885414
47.083525080533825
55.71905200184077
56.78094799815923
54.121030832949835
54.81362172112287
54.651403589507595
51.763690750115046
47.6806258628624
48.481362172112284
48.543488265071325
47.86010124252186
45.363552692130696
48.37666820064427
44.849286700414176
41.86148182236539
26.013575701794757
3.632075471698113
32.61504832029453
36.442705936493326
24.142890013805797
52.64841233317994
51.80510814542107
54.28439944776806
53.53083294983894
51.86263230556833
20.655775425678787
29.67671421997239
1.8810400368154627
5.915784629544409
1.7924528301886793
1.853428439944777
12.356189599631845
0.859410952600092
5.732857800276116
0.9215370455591348
4.052001840773125
1.7567878508973769
3.0602853198343305
4.001380579843534
10.698343304187759
2.1732627703635528
1.9627243442245743
33.626323055683386
35.24275195582145
32.2100782328578
41.93396226415094
43.22135296824666
44.64335020708698
43.817303267372296
42.978601012425216
34.04164749194662
30.491256327657617
12.865853658536587
6.049240681086056
31.940865163368613
5.553382420616659
6.576161988034975
2.690980211688909
2.0754716981132075
2.0950299125632768
3.5906580763920846
0.4360331339162448
5.05062126092959
2.4424758398527384
11.817763460653474
1.9017487344684767
1.9282098481362173
1.6566958122411415
20.928439944776805
16.501380579843534
22.485043718361712
11.19075011504832
14.070409572020248
22.778416935112748
27.97399907961344
32.013345605154164
34.407501150483206
33.421537045559134
7.794523699953981
3.9576622181316155
13.678094799815923
5.125402669121031
3.198343304187759
0.9629544408651634
1.3115508513575702
4.788311090658076
4.203865623561896
12.244592728946158
16.616428900138057
3.2294063506672805
6.122871606074551
16.061895996318455
2.3458352508053384
8.163828808099401
5.363552692130695
3.4514496088357114
3.959963184537506
