52.11919005982513
33.06948918545789
37.533364012885414
47.083525080533825
55.71905200184077
56.78094799815923
54.121030832949835
54.81362172112287
54.651403589507595
51.763690750115046
47.6806258628624
48.481362172112284
48.543488265071325
47.861251725724806
46.78554993097101
48.69765301426599
46.04348826507133
45.343994477680624
41.967326277036356
33.64703175333641
33.19028992176714
47.858950759318915
50.64312011044638
52.69903359410952
51.83387022549471
54.30165669581224
53.546939714680164
51.97077772664519
24.100322135296825
31.023930050621264
34.74804417855499
6.761389783709158
1.809710078232858
1.859180855959503
12.463184537505752
0.8835710998619419
5.773124712379199
11.468016566958122
25.58904739990796
25.57409111826967
25.86171191900598
50.172572480441794
45.26576161988035
51.074551311550856
49.24528301886792
49.139438564196965
46.60262310170272
42.017947537965945
44.02439024390244
46.632535664979294
48.25931891394386
47.31132075471698
45.19213069489185
38.45605154164749
30.500460193281175
13.293833410032214
6.375977910722503
34.394845835250806
14.114127933732167
44.02669121030833
9.118729866543948
18.336401288541186
2.150253106304648
3.735618959963184
0.4521398987574782
24.832029452369994
23.2374597330879
32.45973308789692
28.549240681086058
32.61504832029453
20.92268752876208
26.715370455591348
25.09779107225035
22.768062586286238
24.443166129774504
18.54809019788311
22.998159226875288
31.530142659917164
49.588127013345606
49.11182696732628
33.933502070869764
8.803497468936953
13.27542567878509
33.043028071790154
26.89484583525081
22.999309710078233
21.078002761159688
3.0315232397606993
9.436263230556834
15.658076392084674
14.254486884491484
19.38909341923608
15.38196042337782
7.541417395306029
16.042337781868383
16.807409111826967
17.672572480441787
6.06764841233318
5.566037735849057
10.009203865623562
