52.11919005982513
33.06948918545789
37.533364012885414
47.083525080533825
55.71905200184077
56.78094799815923
54.121030832949835
54.81362172112287
54.651403589507595
51.763690750115046
47.6806258628624
48.481362172112284
48.546939714680164
48.89898757478141
48.95766221813162
48.69880349746894
46.14818223653935
45.360101242521864
42.70938794293603
35.72940635066728
33.689599631845375
50.983663138518175
53.632075471698116
52.713989875747814
51.849976990335946
54.31661297745053
53.559595029912565
51.98228255867464
25.289921767142197
33.35480901978831
27.271053842613895
6.9063506672802575
1.936263230556834
1.9615738610216291
12.600092038656236
0.8870225494707777
5.972158306488725
16.241371375977913
25.72020248504372
26.925908881730326
37.26760239300506
50.49815922687528
48.59526000920387
51.19420156465716
49.348826507133
49.256787850897375
47.87160607455131
42.34813621721123
46.60952600092039
46.635987114588126
48.25931891394386
47.31247123791993
46.66474919466176
39.116428900138054
30.503911642890014
13.331799355729407
6.405890473999079
34.402899217671425
14.275195582144502
44.61113667740451
9.11642890013806
38.37896916705016
2.15945697192821
3.9772204325816842
22.68867924528302
42.276806258628625
46.433502070869764
43.32029452369996
46.02623101702715
44.271744132535666
30.88817303267372
44.684767602393
33.45950299125633
23.33294983893235
31.754486884491484
14.152093879429362
21.8235158766682
46.70501610676484
49.61228716060745
49.14749194661758
47.476990335941096
16.62333179935573
29.859641049240683
47.337781868384724
43.621721122871605
41.47146801656696
37.14795213989876
9.684767602393004
12.535664979291303
19.86999539806719
1.8706856879889555
11.742982052462034
11.784399447768063
5.231247123791992
22.663368614818225
24.107225034514496
27.162908421537047
6.541647491946617
2.9820524620340545
3.823055683387023
