52.11919005982513
33.06948918545789
37.533364012885414
47.083525080533825
55.71905200184077
56.78094799815923
54.121030832949835
54.81362172112287
54.651403589507595
51.763690750115046
47.6806258628624
48.481362172112284
48.543488265071325
47.861251725724806
46.78554993097101
48.69765301426599
46.044638748274274
45.341693511274734
42.69673262770364
35.65922687528762
33.29958582604694
42.184767602393
50.868614818223655
52.6932811780948
51.831569259088816
54.3108605614358
53.55154164749195
51.97653014265992
24.047399907961346
33.34905660377358
8.015416474919466
6.89829728485964
1.9305108145421075
1.9592728946157385
12.50690289921767
0.8651633686148182
5.964104924068109
11.497929130234699
25.70294523699954
26.845375057524162
27.929130234698572
50.296824666359875
45.25885872066267
51.0734008283479
49.24643350207087
49.129084215370455
41.64979291302347
40.84330418775886
43.997929130234695
46.570409572020246
47.76921306948918
43.82420616658997
43.15462494247584
36.42890013805798
30.50276115968707
13.283479061205705
6.407040957202025
33.431891394385644
13.550391164289003
32.795674183156926
2.747353888633226
2.081224114127934
2.1571560055223196
3.782788771283939
0.46364473078693047
31.231017027151402
31.34721583064887
42.63920846755637
46.03198343304188
44.254486884491484
25.842153704555916
26.740681086056146
25.87436723423838
23.33179935572941
31.75678785089738
14.154394845835249
22.91302346985734
31.562356189599633
49.60423377818684
49.134836631385184
47.49884951679705
11.904049700874367
8.887482742751956
31.619880349746893
24.45236999539807
4.404049700874367
1.805108145421077
0.7374597330878969
10.508513575701794
15.541877588587209
9.981592268752875
19.471928209848137
12.013345605154164
7.275655775425678
16.0273815002301
16.16658996778647
10.719052001840772
6.8580303727565575
3.4756097560975614
5.056373676944316
