52.11919005982513
33.06948918545789
37.533364012885414
47.083525080533825
55.71905200184077
56.78094799815923
54.121030832949835
54.81362172112287
54.651403589507595
51.763690750115046
47.6806258628624
48.481362172112284
48.543488265071325
47.86010124252186
45.363552692130696
48.37666820064427
44.849286700414176
41.86148182236539
26.013575701794757
3.632075471698113
31.19305108145421
24.370685687988956
14.866543948458352
52.594339622641506
51.78209848136217
54.274045098941556
53.47445927289461
51.84537505752416
20.306028531983433
31.87643810400368
1.8971468016566957
5.378508973768983
0.5062126092959043
0.5004601932811781
11.017027151403589
0.8306488725264611
4.904509894155545
0.5867464335020709
3.1707317073170733
1.6095260009203867
0.9261389783709159
1.9638748274275197
0.8248964565117349
0.4555913483663138
0.373907040957202
1.6233317993557292
31.53934652554073
24.675563736769444
29.86539346525541
20.54302807179015
44.58697653014266
43.77358490566038
42.75770823745974
19.017487344684767
16.516336861481822
8.385872066267833
4.182006442705936
1.4104924068108604
3.6872986654394846
6.55545329038196
2.690980211688909
2.0754716981132075
2.0950299125632768
3.572250345144961
0.44178554993097097
5.115048320294523
2.4413253566497928
1.8039576622181315
1.8718361711919005
1.9040497008743673
1.237919926369075
5.640819144040497
7.795674183156925
22.58743672342384
18.54809019788311
13.000460193281176
8.312241141279337
17.134146341463417
49.585826046939715
49.12103083294984
47.31247123791993
7.196272434422458
4.409802116889094
10.778877128393924
5.09894155545329
3.201794753796595
0.7926829268292683
0.6477220432581685
1.5416474919466177
3.849516797054763
1.2195121951219512
11.37942936033134
7.170961803957662
3.0016106764841233
1.7130694891854579
1.3897837091578462
7.055913483663138
5.464795213989876
2.580533824206167
2.1870685687988956
