52.11919005982513
33.06948918545789
37.533364012885414
47.083525080533825
55.71905200184077
56.78094799815923
54.139438564196965
54.8676944316613
54.71813161527842
51.86263230556833
50.284169351127474
50.55913483663138
48.617119190059825
48.96686608375518
49.02784169351128
48.73791992636908
46.822365393465255
45.77542567878509
43.39967786470317
38.71836171191901
34.19005982512655
51.89829728485964
53.88288080994017
52.75770823745973
51.877588587206624
54.331569259088816
53.576852277956746
52.00414173953061
48.07409111826967
48.66658996778647
48.25701794753797
49.569719282098475
49.81017027151404
49.201564657156005
45.75471698113208
50.338242061665895
45.987114588127014
42.44937873907041
37.41256327657616
41.66935112747353
52.55637367694431
56.939714680165665
52.5
55.592498849516794
53.20754716981132
52.738150023009666
54.320064427059364
50.813391624482286
49.445467096180394
46.77289461573861
48.293833410032214
47.340082834790614
47.50920386562356
50.46824666359871
43.40658076392085
40.05982512655315
31.902899217671422
44.84353428439945
53.93465255407271
54.55706396686608
52.43442245743212
52.23308789691671
52.24344224574321
50.39116428900138
53.20639668660837
50.12425218591808
50.44523699953981
51.81431201104464
49.86424298205247
47.65416474919466
49.47192820984814
44.277496548550396
41.68660837551772
34.837781868384724
36.315002300966405
50.51311550851357
56.04233778186839
52.57017947537966
53.487114588127014
52.96364473078693
51.31960423377818
49.787160607455135
48.099401748734465
47.82903819604234
48.19144040497009
45.95605154164749
47.910722503451446
46.12287160607455
33.7689829728486
30.554532903819602
18.728716060745512
23.751725724804416
23.30648872526461
34.74459272894615
36.74643350207087
26.165439484583526
27.64035895075932
24.601932811780948
18.663138518177636
22.196272434422458
