77.21352968246663
68.99332719742291
64.516797054763
72.90842153704557
77.39760699493787
76.4829728485964
74.2245743212149
73.45490105844455
73.1661297745053
72.80487804878048
72.57478140819144
70.92498849516798
68.90589047399908
69.26829268292683
69.42820984813622
68.88288080994018
71.06419696272435
67.62540266912103
67.30671882190519
62.857800276115974
59.22802577082374
73.3950759318914
74.03244362632306
73.30188679245283
72.40796134376438
73.03612517257248
72.41371375977911
71.35411872986654
81.48067188219052
70.20478601012425
69.18545789231477
69.45467096180396
69.47768062586286
68.7436723423838
69.62494247583986
79.13483663138518
68.46065347445928
69.09341923607916
62.6955821445007
65.7961343764381
78.12701334560515
76.99263690750115
73.72181316152783
75.29797514956282
72.29521398987575
71.41969627243442
79.29590427979751
72.49539806718822
69.36953520478602
67.82213529682467
68.31914404049701
67.36309249884953
69.33962264150944
76.97883110906581
65.94799815922687
68.4157846295444
58.232857800276115
71.90404970087437
75.95490105844455
75.23815002300967
73.3444546709618
71.81776346065347
71.89599631845375
72.94638748274275
79.60768522779567
69.92406810860562
70.77082374597332
72.42751955821444
70.15301426599171
68.16728025770824
78.82650713299586
67.51150483202946
69.19005982512655
61.129774505292225
61.501380579843534
75.7524160147262
76.00552231937414
73.18683847215831
73.56534744592729
72.07662218131615
70.71099861942015
79.45236999539806
68.98872526461113
68.62517257248044
68.98642429820525
67.3930050621261
71.13552692130695
75.08628624022089
63.441095260009206
58.062586286240226
59.4914864242982
62.704786010124245
76.78209848136217
65.39346525540726
64.46617579383341
72.82788771283938
62.74275195582144
62.68062586286241
58.117809479981595
53.686148182236536
