52.11919005982513
33.06948918545789
37.533364012885414
47.198573400828344
55.78232857800276
56.87528762080074
54.17165209387943
54.95628163828808
54.75034514496089
53.92314772204326
51.2310170271514
50.668430740911184
48.65738610216291
49.012885411872986
49.07616198803497
48.76438104003682
47.082374597330876
45.858260469397145
43.604463874827424
38.77588587206627
34.432811780948
52.38495167970547
53.99562816382881
52.82673722963644
51.951219512195124
54.41900598251266
53.64818223653934
52.06741831569259
54.99654855039117
50.16451909802117
48.34675563736769
49.62954440865163
49.895306028531984
49.34997699033594
48.736769443166125
52.582834790612054
46.61067648412333
44.897606994937874
38.115508513575705
42.49194661757939
57.23884031293143
56.99263690750115
52.535664979291305
55.66612977450529
53.31224114127934
52.84514496088357
55.58099401748734
51.357570179475374
49.520248504371835
46.86033133916245
48.365163368614816
47.42636907501151
47.983202945237
53.0315232397607
43.62747353888633
43.25241601472619
32.61159687068569
48.938104003681545
55.36355269213069
54.586976530142664
52.48849516797055
52.29291302346986
52.31247123791992
51.26668200644271
55.660377358490564
50.44868844914864
50.4958582604694
51.87873907040957
49.91831569259089
47.718591808559594
51.28393925448689
45.15876668200644
43.94500690289922
36.317303267372296
37.55637367694432
54.45697192820985
56.305798435342844
52.732397606994944
53.543488265071325
53.04647952139899
51.45651173492867
53.430740911182696
48.57340082834791
47.9475379659457
48.24666359871146
46.03083294983893
49.4684767602393
51.10676484123332
39.580073630924986
32.28831109065808
32.63575701794753
38.763230556833875
51.18269673262771
41.98918545789231
41.16083755177174
44.769903359410954
38.89668660837552
34.62034054302807
29.370685687988956
27.439024390243905
