81.76
52.45
45.59
56.37
41.67
60.29
37.75
64.22
35.10
64.08
37.88
60.16
41.80
56.24
45.72
52.32
49.15
32.58
33.73
16.86
33.73
16.86
33.73
16.86
33.73
18.82
31.76
22.65
27.94
26.47
24.12
30.29
20.29
33.69
49.02
52.91
45.13
56.83
41.21
60.75
37.29
64.67
35.10
63.63
38.33
59.71
42.25
55.78
46.18
51.86
49.05
16.86
33.73
16.86
33.73
16.86
33.73
16.86
33.73
19.25
31.34
23.07
27.52
26.90
23.69
30.72
19.87
49.93
48.59
53.37
44.67
57.29
40.75
61.21
36.83
65.13
35.10
63.17
38.79
59.25
42.71
55.33
46.63
51.41
33.24
16.86
33.73
16.86
33.73
16.86
33.73
16.86
33.73
19.67
30.92
23.50
27.09
27.32
23.27
31.14
