81.76
19.80
12.94
32.75
32.71
27.68
5.10
32.75
32.71
32.75
5.26
27.52
32.71
32.75
13.10
19.67
32.75
16.41
33.73
16.86
33.73
16.86
33.73
16.86
33.73
18.82
31.76
22.65
27.94
26.47
24.12
30.29
20.29
33.69
49.02
20.29
12.48
32.75
32.71
28.14
4.64
32.75
32.71
32.75
5.72
27.06
32.71
32.75
13.56
19.22
33.79
32.16
33.73
16.86
33.73
16.86
33.73
16.86
33.73
19.25
31.34
23.07
27.52
26.90
23.69
30.72
19.87
49.93
15.95
32.75
32.71
24.67
8.10
32.75
32.71
32.52
2.48
30.52
32.71
32.75
10.10
22.68
32.71
32.75
33.24
16.86
33.73
16.86
33.73
16.86
33.73
16.86
33.73
19.67
30.92
23.50
27.09
27.32
23.27
31.14
