88.30065359477123
22.908496732026144
22.941176470588236
45.81699346405229
23.72549019607843
45.45751633986928
26.895424836601308
41.9281045751634
31.209150326797385
37.61437908496732
34.73856209150327
34.08496732026144
39.052287581699346
29.77124183006536
42.58169934640523
26.24183006535948
45.88235294117647
57.745098039215684
99.57516339869281
99.15032679738562
99.57516339869281
99.15032679738562
99.57516339869281
99.15032679738562
99.57516339869281
99.15032679738562
99.15032679738562
99.57516339869281
99.15032679738562
99.57516339869281
99.15032679738562
99.57516339869281
99.15032679738562
99.15032679738562
22.908496732026144
45.81699346405229
22.908496732026144
45.81699346405229
23.366013071895424
45.35947712418301
27.61437908496732
41.11111111111111
31.209150326797385
37.51633986928105
35.130718954248366
33.59477124183007
39.052287581699346
29.673202614379086
42.97385620915033
25.751633986928102
46.86274509803921
99.15032679738562
99.57516339869281
99.15032679738562
99.57516339869281
99.15032679738562
99.57516339869281
99.15032679738562
99.57516339869281
99.15032679738562
99.15032679738562
99.57516339869281
99.15032679738562
99.57516339869281
99.15032679738562
99.57516339869281
99.15032679738562
56.666666666666664
22.908496732026144
45.81699346405229
22.908496732026144
45.81699346405229
24.248366013071895
44.47712418300653
27.745098039215687
40.98039215686274
31.666666666666664
37.05882352941177
35.588235294117645
33.13725490196078
39.509803921568626
29.215686274509807
43.431372549019606
25.294117647058822
89.34640522875817
99.15032679738562
99.57516339869281
99.15032679738562
99.57516339869281
99.15032679738562
99.57516339869281
99.15032679738562
99.57516339869281
99.15032679738562
99.15032679738562
99.57516339869281
99.15032679738562
99.57516339869281
99.15032679738562
99.57516339869281
