99.80392156862746
60.52287581699346
58.235294117647065
69.34640522875817
62.189542483660134
65.45751633986929
66.07843137254902
61.535947712418306
70.0
57.61437908496732
73.95424836601308
54.346405228758165
77.18954248366013
54.346405228758165
77.18954248366013
54.37908496732026
76.53594771241829
77.77777777777779
99.83660130718954
100.0
100.0
100.0
100.0
100.0
99.77124183006536
99.77124183006536
99.54248366013073
99.77124183006536
99.54248366013073
99.77124183006536
99.54248366013073
99.640522875817
99.67320261437908
99.11764705882354
54.96732026143791
72.58169934640523
58.66013071895425
68.88888888888889
62.810457516339866
64.73856209150327
66.50326797385621
61.04575163398693
70.65359477124183
56.89542483660131
74.34640522875817
54.31372549019608
77.38562091503269
54.31372549019608
76.9281045751634
54.31372549019608
77.12418300653596
99.77124183006536
99.54248366013073
99.77124183006536
99.54248366013073
99.77124183006536
99.54248366013073
99.77124183006536
99.54248366013073
99.77124183006536
99.54248366013073
99.77124183006536
99.54248366013073
99.77124183006536
99.54248366013073
99.54248366013073
99.77124183006536
76.04575163398692
55.196078431372555
72.35294117647058
59.34640522875817
68.20261437908496
63.03921568627451
64.50980392156863
67.18954248366013
60.359477124183
70.88235294117648
56.666666666666664
75.0326797385621
54.31372549019608
76.9281045751634
54.31372549019608
77.15686274509804
54.509803921568626
99.54248366013073
99.77124183006536
99.54248366013073
99.77124183006536
99.54248366013073
99.77124183006536
99.54248366013073
99.77124183006536
99.54248366013073
99.77124183006536
99.54248366013073
99.77124183006536
99.54248366013073
99.77124183006536
99.54248366013073
99.54248366013073
