99.77124183006536
50.7516339869281
51.699346405228766
66.07843137254902
55.58823529411765
62.15686274509804
59.509803921568626
58.235294117647065
63.431372549019606
54.31372549019608
67.3529411764706
50.3921568627451
71.27450980392157
47.77777777777778
73.88888888888889
47.77777777777778
73.26797385620914
74.47712418300654
99.47712418300654
99.73856209150327
99.47712418300654
99.73856209150327
99.47712418300654
99.73856209150327
99.47712418300654
99.73856209150327
99.47712418300654
99.57516339869281
99.640522875817
99.47712418300654
99.73856209150327
99.47712418300654
99.73856209150327
99.05228758169935
48.4640522875817
69.28104575163398
52.12418300653595
65.62091503267973
56.30718954248366
61.43790849673203
59.967320261437905
57.77777777777777
64.15032679738563
53.59477124183007
67.81045751633987
49.93464052287582
71.73202614379085
48.03921568627451
73.62745098039215
47.77777777777778
73.8562091503268
99.73856209150327
99.47712418300654
99.73856209150327
99.47712418300654
99.73856209150327
99.47712418300654
99.73856209150327
99.47712418300654
99.73856209150327
99.47712418300654
99.47712418300654
99.73856209150327
99.47712418300654
99.73856209150327
99.47712418300654
99.73856209150327
72.74509803921568
48.66013071895425
69.08496732026144
52.84313725490196
64.90196078431373
56.50326797385621
61.24183006535948
60.686274509803916
57.05882352941176
64.34640522875817
53.39869281045752
68.26797385620915
49.47712418300654
72.18954248366013
47.77777777777778
73.88888888888889
48.00653594771242
99.47712418300654
99.73856209150327
99.47712418300654
99.73856209150327
99.47712418300654
99.73856209150327
99.47712418300654
99.73856209150327
99.47712418300654
99.73856209150327
99.47712418300654
99.47712418300654
99.73856209150327
99.47712418300654
99.73856209150327
99.47712418300654
