98.10457516339869
32.77777777777778
38.75816993464053
59.54248366013072
42.58169934640523
55.653594771241835
46.50326797385621
51.732026143790854
50.42483660130719
47.81045751633987
54.346405228758165
43.888888888888886
58.26797385620915
39.96732026143791
62.189542483660134
36.045751633986924
65.49019607843137
67.7124183006536
100.0
100.0
100.0
100.0
100.0
100.0
100.0
100.0
100.0
100.0
100.0
100.0
100.0
100.0
99.67320261437908
98.92156862745098
35.45751633986928
62.6797385620915
39.052287581699346
59.08496732026144
43.30065359477124
54.83660130718955
46.89542483660131
51.24183006535947
50.81699346405229
47.35294117647059
54.771241830065364
43.431372549019606
58.72549019607843
39.509803921568626
62.64705882352941
35.588235294117645
66.50326797385621
99.73856209150327
100.0
100.0
100.0
100.0
100.0
100.0
100.0
99.67320261437908
99.67320261437908
99.34640522875817
99.67320261437908
99.34640522875817
99.67320261437908
99.34640522875817
99.67320261437908
66.1437908496732
35.588235294117645
62.549019607843135
39.83660130718954
58.30065359477125
43.431372549019606
54.70588235294118
47.35294117647059
50.78431372549019
51.27450980392156
46.86274509803921
55.196078431372555
42.94117647058823
59.11764705882353
39.01960784313726
63.03921568627451
35.09803921568627
99.2483660130719
99.67320261437908
99.34640522875817
99.67320261437908
99.34640522875817
99.34640522875817
99.67320261437908
99.34640522875817
99.67320261437908
99.34640522875817
99.67320261437908
99.34640522875817
99.67320261437908
99.34640522875817
99.67320261437908
99.34640522875817
