99.86928104575163
79.80392156862746
71.30718954248366
75.88235294117646
75.359477124183
71.79738562091504
79.11764705882352
68.03921568627452
83.03921568627452
67.54901960784314
83.52941176470588
67.54901960784314
83.52941176470588
67.38562091503269
83.69281045751634
67.54901960784314
82.90849673202615
84.28104575163398
99.67320261437908
99.83660130718954
99.67320261437908
99.83660130718954
99.67320261437908
99.83660130718954
99.67320261437908
99.67320261437908
99.83660130718954
99.67320261437908
99.83660130718954
99.67320261437908
99.83660130718954
99.67320261437908
99.83660130718954
99.2483660130719
67.97385620915033
79.18300653594771
71.73202614379085
75.42483660130719
75.81699346405229
71.33986928104575
79.57516339869281
67.58169934640523
83.49673202614379
67.54901960784314
83.52941176470588
67.38562091503269
83.69281045751634
67.54901960784314
83.52941176470588
67.38562091503269
83.66013071895425
99.83660130718954
99.67320261437908
99.83660130718954
99.67320261437908
99.83660130718954
99.67320261437908
99.83660130718954
99.67320261437908
99.67320261437908
99.83660130718954
99.67320261437908
99.83660130718954
99.67320261437908
99.83660130718954
99.67320261437908
99.83660130718954
82.6470588235294
68.26797385620915
78.88888888888889
72.35294117647058
74.80392156862746
76.11111111111111
71.04575163398692
80.19607843137256
67.38562091503269
83.52941176470588
67.38562091503269
83.69281045751634
67.54901960784314
83.52941176470588
67.38562091503269
83.69281045751634
67.51633986928105
99.67320261437908
99.83660130718954
99.67320261437908
99.83660130718954
99.67320261437908
99.83660130718954
99.67320261437908
99.83660130718954
99.67320261437908
99.67320261437908
99.83660130718954
99.67320261437908
99.83660130718954
99.67320261437908
99.83660130718954
99.67320261437908
