99.83660130718954
70.29411764705881
64.77124183006536
72.61437908496731
68.66013071895425
68.69281045751634
72.58169934640523
64.77124183006536
76.69934640522877
60.849673202614376
80.22875816993465
60.849673202614376
80.42483660130719
61.04575163398693
80.22875816993465
60.849673202614376
79.80392156862746
80.81699346405229
99.80392156862746
99.6078431372549
99.80392156862746
99.6078431372549
99.80392156862746
99.6078431372549
99.80392156862746
99.6078431372549
99.67320261437908
99.73856209150327
99.6078431372549
99.80392156862746
99.6078431372549
99.80392156862746
99.6078431372549
99.37908496732027
61.274509803921575
76.07843137254902
65.3921568627451
71.96078431372548
69.11764705882352
68.23529411764706
73.0392156862745
64.31372549019608
76.9607843137255
60.849673202614376
80.42483660130719
61.04575163398693
80.22875816993465
60.849673202614376
80.42483660130719
61.04575163398693
80.19607843137256
99.6078431372549
99.80392156862746
99.6078431372549
99.80392156862746
99.6078431372549
99.80392156862746
99.6078431372549
99.80392156862746
99.6078431372549
99.6078431372549
99.80392156862746
99.6078431372549
99.80392156862746
99.6078431372549
99.80392156862746
99.6078431372549
79.54248366013071
61.9281045751634
75.42483660130719
65.65359477124183
71.69934640522875
69.77124183006535
67.58169934640523
73.4967320261438
63.85620915032679
77.41830065359477
61.04575163398693
80.22875816993465
60.849673202614376
80.42483660130719
61.04575163398693
80.22875816993465
60.81699346405228
99.80392156862746
99.6078431372549
99.80392156862746
99.6078431372549
99.80392156862746
99.6078431372549
99.80392156862746
99.6078431372549
99.80392156862746
99.6078431372549
99.6078431372549
99.80392156862746
99.6078431372549
99.80392156862746
99.6078431372549
99.80392156862746
