75.22875816993464
9.836601307189543
9.836601307189543
19.705882352941178
9.836601307189543
19.705882352941178
9.869281045751634
19.73856209150327
9.869281045751634
19.73856209150327
9.869281045751634
19.73856209150327
13.039215686274511
17.091503267973856
16.437908496732025
13.169934640522877
19.73856209150327
44.54248366013072
99.44444444444444
98.88888888888889
99.44444444444444
98.88888888888889
99.44444444444444
98.88888888888889
99.44444444444444
98.88888888888889
99.44444444444444
98.88888888888889
98.88888888888889
99.44444444444444
98.88888888888889
99.44444444444444
98.88888888888889
99.01960784313727
9.836601307189543
19.673202614379086
9.836601307189543
19.673202614379086
9.836601307189543
19.673202614379086
9.836601307189543
19.673202614379086
9.836601307189543
19.673202614379086
9.836601307189543
19.673202614379086
12.908496732026146
16.60130718954248
16.830065359477125
12.679738562091503
20.718954248366014
98.88888888888889
99.44444444444444
98.88888888888889
99.44444444444444
98.88888888888889
99.44444444444444
98.88888888888889
99.44444444444444
98.88888888888889
99.44444444444444
98.88888888888889
98.88888888888889
99.44444444444444
98.88888888888889
99.44444444444444
98.88888888888889
43.59477124183007
9.836601307189543
19.673202614379086
9.836601307189543
19.673202614379086
9.836601307189543
19.673202614379086
9.836601307189543
19.673202614379086
9.836601307189543
19.673202614379086
9.836601307189543
19.673202614379086
13.366013071895425
16.143790849673202
17.287581699346404
12.222222222222221
76.1437908496732
98.88888888888889
99.44444444444444
98.88888888888889
99.44444444444444
98.88888888888889
99.44444444444444
98.88888888888889
99.44444444444444
98.88888888888889
99.44444444444444
98.88888888888889
98.88888888888889
99.44444444444444
98.88888888888889
99.44444444444444
