100,97.45979782931148,2.5402021706885174
200,94.94409921653958,5.055900783460425
300,92.40389704585105,7.596102954148942
400,89.86369487516254,10.13630512483746
500,87.32381941857957,12.676180581420422
600,84.7212148537301,15.278785146269906
700,82.11730343245839,17.882696567541608
800,79.51077829834226,20.489221701657748
900,76.91111416044276,23.08888583955724
1000,74.30360888400995,25.696391115990043
1100,47.76723580263854,52.23276419736146
1200,45.21886577931116,54.78113422068884
1300,42.670495755983765,57.32950424401623
1400,40.122125732656386,59.87787426734362
1500,37.57375570932899,62.42624429067101
1600,35.025385686001606,64.97461431399839
1700,32.47701566267422,67.52298433732578
1800,29.928645639346836,70.07135436065317
1900,27.380275616019446,72.61972438398055
2000,24.831905592692056,75.16809440730793
2100,0.6537549252151412,99.34624507478486
