91.56862745098039
26.176470588235297
26.20915032679739
52.352941176470594
29.444444444444446
49.11764705882353
33.72549019607843
44.83660130718955
38.0718954248366
40.849673202614376
41.209150326797385
37.3202614379085
45.52287581699346
33.006535947712415
49.052287581699346
29.477124183006538
52.352941176470594
61.013071895424844
99.2156862745098
99.6078431372549
99.2156862745098
99.6078431372549
99.2156862745098
99.6078431372549
99.2156862745098
99.6078431372549
99.2156862745098
99.6078431372549
99.2156862745098
99.6078431372549
99.2156862745098
99.6078431372549
99.2156862745098
99.18300653594771
26.176470588235297
52.352941176470594
26.372549019607845
52.156862745098046
29.901960784313726
48.627450980392155
34.21568627450981
44.31372549019608
37.745098039215684
40.78431372549019
42.05882352941177
36.470588235294116
45.588235294117645
32.94117647058823
49.90196078431373
28.627450980392155
53.00653594771242
99.6078431372549
99.2156862745098
99.6078431372549
99.2156862745098
99.6078431372549
99.2156862745098
99.6078431372549
99.2156862745098
99.6078431372549
99.2156862745098
99.6078431372549
99.2156862745098
99.6078431372549
99.2156862745098
99.6078431372549
99.2156862745098
59.93464052287582
26.176470588235297
52.352941176470594
26.437908496732028
52.09150326797386
30.751633986928105
47.77777777777778
34.28104575163399
44.248366013071895
38.59477124183007
39.93464052287582
42.12418300653595
36.40522875816993
46.43790849673203
32.091503267973856
49.967320261437905
28.562091503267972
92.25490196078432
99.6078431372549
99.2156862745098
99.6078431372549
99.2156862745098
99.6078431372549
99.2156862745098
99.6078431372549
99.2156862745098
99.6078431372549
99.2156862745098
99.6078431372549
99.2156862745098
99.6078431372549
99.2156862745098
99.6078431372549
