81.76470588235294
16.372549019607842
16.405228758169933
32.745098039215684
16.830065359477125
32.810457516339866
16.405228758169933
32.810457516339866
18.202614379084967
31.013071895424837
21.666666666666668
27.54901960784314
26.04575163398693
23.169934640522875
29.50980392156863
19.705882352941178
32.810457516339866
51.143790849673195
99.01960784313727
99.50980392156863
99.01960784313727
99.50980392156863
99.01960784313727
99.50980392156863
99.01960784313727
99.50980392156863
99.01960784313727
99.50980392156863
99.01960784313727
99.50980392156863
99.01960784313727
99.50980392156863
99.01960784313727
99.08496732026144
16.372549019607842
32.745098039215684
16.372549019607842
32.745098039215684
16.372549019607842
32.745098039215684
16.372549019607842
32.745098039215684
18.137254901960784
30.980392156862745
22.54901960784314
26.568627450980394
25.98039215686275
23.137254901960784
29.901960784313726
19.215686274509807
33.790849673202615
99.01960784313727
99.01960784313727
99.50980392156863
99.01960784313727
99.50980392156863
99.01960784313727
99.50980392156863
99.01960784313727
99.50980392156863
99.01960784313727
99.50980392156863
99.01960784313727
99.50980392156863
99.01960784313727
99.50980392156863
99.01960784313727
50.130718954248366
16.372549019607842
32.745098039215684
16.372549019607842
32.745098039215684
16.372549019607842
32.745098039215684
16.372549019607842
32.745098039215684
19.084967320261438
30.03267973856209
22.516339869281047
26.601307189542485
26.9281045751634
22.18954248366013
30.359477124183005
18.758169934640524
82.74509803921568
99.01960784313727
99.01960784313727
99.50980392156863
99.01960784313727
99.50980392156863
99.01960784313727
99.50980392156863
99.01960784313727
99.50980392156863
99.01960784313727
99.50980392156863
99.01960784313727
99.50980392156863
99.01960784313727
99.50980392156863
