100,97.58950332921673,2.4104966707832647
200,95.20416364456119,4.7958363554388095
300,92.79301354556682,7.206986454433184
400,90.38382373120577,9.616176268794229
500,88.05010487522789,11.949895124772118
600,85.72226687314998,14.277733126850018
700,83.37809316579434,16.62190683420566
800,80.999941191461,19.000058808539
900,78.64792634557205,21.352073654427954
1000,76.33086990897745,23.66913009102255
1100,73.75864975594456,26.24135024405544
1200,71.10442436241742,28.895575637582578
1300,68.20124282045754,31.79875717954247
1400,65.41371807186404,34.58628192813597
1500,38.587222864759966,61.412777135240034
1600,30.948973790994454,69.05102620900556
1700,23.281647161834567,76.71835283816544
1800,13.933049745489711,86.06695025451029
1900,8.425956782258117,91.57404321774189
2000,1.1869523454805637,98.81304765451944
2100,0.6537549252151412,99.34624507478486
