98.10457516339869
32.77777777777778
38.62745098039216
59.54248366013072
42.51633986928105
55.62091503267974
46.43790849673203
51.699346405228766
50.3921568627451
47.77777777777778
54.607843137254896
43.529411764705884
58.20261437908497
39.93464052287582
62.12418300653595
36.01307189542484
65.42483660130719
67.94117647058823
99.34640522875817
99.67320261437908
99.34640522875817
99.67320261437908
99.34640522875817
99.67320261437908
99.34640522875817
99.67320261437908
99.34640522875817
99.67320261437908
99.34640522875817
99.67320261437908
99.34640522875817
99.67320261437908
99.34640522875817
99.2483660130719
35.130718954248366
63.006535947712415
39.37908496732026
58.75816993464053
42.97385620915033
55.16339869281046
47.22222222222222
50.91503267973856
50.81699346405229
47.32026143790849
55.06535947712419
43.071895424836605
58.66013071895425
39.47712418300654
62.58169934640523
35.55555555555556
66.47058823529412
99.34640522875817
99.34640522875817
99.67320261437908
99.34640522875817
99.67320261437908
99.34640522875817
99.67320261437908
99.34640522875817
99.67320261437908
99.34640522875817
99.67320261437908
99.34640522875817
99.67320261437908
99.34640522875817
99.67320261437908
99.34640522875817
66.47058823529412
35.91503267973856
62.22222222222222
39.509803921568626
58.62745098039216
43.75816993464052
54.37908496732026
47.35294117647059
50.78431372549019
51.60130718954249
46.5359477124183
55.196078431372555
42.94117647058823
59.44444444444444
38.692810457516345
63.03921568627451
35.09803921568627
99.2483660130719
99.34640522875817
99.34640522875817
99.67320261437908
99.34640522875817
99.67320261437908
99.34640522875817
99.67320261437908
99.34640522875817
99.67320261437908
99.34640522875817
99.67320261437908
99.34640522875817
99.67320261437908
99.34640522875817
99.67320261437908
