100,97.52514065042244,2.474859349577559
200,95.07413143055038,4.925868569449618
300,92.5979652245506,7.402034775449396
400,90.12375930318416,9.876240696815843
500,87.64759309718437,12.352406902815623
600,85.17698103097902,14.823018969020968
700,82.70734910709035,17.29265089290965
800,80.23543018446279,19.764569815537218
900,77.809904664824,22.190095335176004
1000,75.37196400917414,24.628035990825868
1100,72.66285064591379,27.337149354086215
1200,70.10206548657531,29.897934513424683
1300,39.26809506073615,60.73190493926385
1400,33.146126150850435,66.85387384914956
1500,28.564287534550015,71.43571246544998
1600,22.481197603225322,77.51880239677467
1700,23.291121870895655,76.70887812910433
1800,15.77800429955763,84.22199570044238
1900,8.720652905468542,91.27934709453146
2000,1.1869523454805637,98.81304765451944
2100,0.6537549252151412,99.34624507478486
