99.93464052287581
86.33986928104575
84.44444444444444
82.41830065359477
88.26797385620915
80.55555555555556
90.13071895424837
80.45751633986929
90.22875816993464
80.45751633986929
90.22875816993464
80.55555555555556
90.13071895424837
80.45751633986929
90.22875816993464
80.45751633986929
89.6078431372549
90.81699346405229
99.90196078431373
99.80392156862746
99.90196078431373
99.80392156862746
99.90196078431373
99.80392156862746
99.80392156862746
99.90196078431373
99.80392156862746
99.90196078431373
99.80392156862746
99.90196078431373
99.80392156862746
99.90196078431373
99.80392156862746
99.47712418300654
80.88235294117648
85.88235294117646
84.90196078431373
81.86274509803921
88.72549019607843
80.55555555555556
90.22875816993464
80.45751633986929
90.13071895424837
80.45751633986929
90.22875816993464
80.55555555555556
90.13071895424837
80.45751633986929
90.22875816993464
80.55555555555556
90.09803921568627
99.80392156862746
99.90196078431373
99.80392156862746
99.90196078431373
99.80392156862746
99.90196078431373
99.80392156862746
99.80392156862746
99.90196078431373
99.80392156862746
99.90196078431373
99.80392156862746
99.90196078431373
99.80392156862746
99.90196078431373
99.80392156862746
89.34640522875817
81.43790849673202
85.3267973856209
85.26143790849673
81.50326797385621
89.281045751634
80.45751633986929
90.13071895424837
80.45751633986929
90.32679738562092
80.45751633986929
90.13071895424837
80.45751633986929
90.22875816993464
80.55555555555556
90.13071895424837
80.42483660130719
99.90196078431373
99.80392156862746
99.90196078431373
99.80392156862746
99.90196078431373
99.80392156862746
99.80392156862746
99.90196078431373
99.80392156862746
99.90196078431373
99.80392156862746
99.90196078431373
99.80392156862746
99.90196078431373
99.80392156862746
99.90196078431373
