99.80392156862746
60.52287581699346
58.235294117647065
69.34640522875817
62.254901960784316
65.42483660130719
66.04575163398692
61.50326797385621
69.9673202614379
57.58169934640522
73.88888888888889
54.31372549019608
77.38562091503269
54.31372549019608
76.9281045751634
54.31372549019608
76.53594771241829
77.51633986928105
99.54248366013073
99.77124183006536
99.54248366013073
99.77124183006536
99.54248366013073
99.77124183006536
99.54248366013073
99.77124183006536
99.54248366013073
99.77124183006536
99.54248366013073
99.77124183006536
99.54248366013073
99.77124183006536
99.54248366013073
99.34640522875817
54.738562091503276
72.81045751633987
58.88888888888889
68.66013071895425
62.58169934640523
64.9673202614379
66.73202614379085
60.81699346405228
70.42483660130719
57.124183006535944
74.57516339869281
54.31372549019608
76.9281045751634
54.31372549019608
77.15686274509804
54.54248366013071
76.89542483660131
99.54248366013073
99.54248366013073
99.77124183006536
99.54248366013073
99.77124183006536
99.54248366013073
99.77124183006536
99.54248366013073
99.77124183006536
99.54248366013073
99.77124183006536
99.54248366013073
99.77124183006536
99.54248366013073
99.77124183006536
99.54248366013073
76.27450980392156
55.42483660130719
72.12418300653594
59.11764705882353
68.43137254901961
63.267973856209146
64.281045751634
66.96078431372548
60.588235294117645
71.11111111111111
56.43790849673203
74.80392156862746
54.31372549019608
77.38562091503269
54.31372549019608
76.9281045751634
54.28104575163398
99.77124183006536
99.54248366013073
99.54248366013073
99.77124183006536
99.54248366013073
99.77124183006536
99.54248366013073
99.77124183006536
99.54248366013073
99.77124183006536
99.54248366013073
99.77124183006536
99.54248366013073
99.77124183006536
99.54248366013073
99.77124183006536
