99.9673202614379
93.59477124183006
96.69934640522875
93.52941176470588
96.76470588235294
93.52941176470588
96.83006535947712
93.4640522875817
96.83006535947712
93.52941176470588
96.69934640522875
93.52941176470588
96.76470588235294
93.59477124183006
96.69934640522875
93.52941176470588
96.14379084967321
97.35294117647058
99.86928104575163
99.86928104575163
99.93464052287581
99.86928104575163
99.93464052287581
99.86928104575163
99.93464052287581
99.86928104575163
99.93464052287581
99.86928104575163
99.93464052287581
99.86928104575163
99.93464052287581
99.86928104575163
99.93464052287581
99.44444444444444
94.01960784313725
93.52941176470588
96.69934640522875
93.59477124183006
96.69934640522875
93.59477124183006
96.69934640522875
93.59477124183006
96.69934640522875
93.59477124183006
96.69934640522875
93.59477124183006
96.69934640522875
93.59477124183006
96.69934640522875
93.52941176470588
96.73202614379085
99.93464052287581
99.86928104575163
99.86928104575163
99.93464052287581
99.86928104575163
99.93464052287581
99.86928104575163
99.93464052287581
99.86928104575163
99.93464052287581
99.86928104575163
99.93464052287581
99.86928104575163
99.93464052287581
99.86928104575163
99.93464052287581
95.81699346405229
94.41176470588235
93.59477124183006
96.69934640522875
93.59477124183006
96.69934640522875
93.59477124183006
96.69934640522875
93.59477124183006
96.69934640522875
93.59477124183006
96.69934640522875
93.59477124183006
96.69934640522875
93.52941176470588
96.76470588235294
93.56209150326798
99.86928104575163
99.93464052287581
99.86928104575163
99.86928104575163
99.93464052287581
99.86928104575163
99.93464052287581
99.86928104575163
99.93464052287581
99.86928104575163
99.93464052287581
99.86928104575163
99.93464052287581
99.86928104575163
99.93464052287581
99.86928104575163
