99.73856209150327
40.98039215686274
45.294117647058826
62.810457516339866
49.11764705882353
58.88888888888889
53.00653594771242
55.00000000000001
56.89542483660131
51.07843137254902
60.849673202614376
47.124183006535944
64.80392156862746
43.20261437908497
68.69281045751634
41.27450980392157
70.0
71.24183006535948
99.77124183006536
100.0
100.0
100.0
100.0
100.0
100.0
100.0
100.0
100.0
100.0
100.0
99.41176470588235
99.70588235294117
99.41176470588235
99.281045751634
41.66666666666667
66.27450980392156
45.88235294117647
62.05882352941177
49.50980392156863
58.43137254901961
53.72549019607843
54.2156862745098
57.35294117647059
50.588235294117645
61.568627450980394
46.372549019607845
65.19607843137256
42.745098039215684
69.11764705882352
41.535947712418306
70.29411764705881
99.41176470588235
99.70588235294117
99.41176470588235
99.70588235294117
99.41176470588235
99.41176470588235
99.70588235294117
99.41176470588235
99.70588235294117
99.41176470588235
99.70588235294117
99.41176470588235
99.70588235294117
99.41176470588235
99.70588235294117
99.41176470588235
69.73856209150327
42.41830065359477
65.52287581699346
46.045751633986924
61.89542483660131
50.26143790849673
57.6797385620915
53.888888888888886
54.052287581699346
58.1045751633987
49.83660130718954
61.732026143790854
46.209150326797385
65.65359477124183
42.287581699346404
69.57516339869281
41.209150326797385
99.70588235294117
99.41176470588235
99.70588235294117
99.41176470588235
99.70588235294117
99.41176470588235
99.41176470588235
99.70588235294117
99.41176470588235
99.70588235294117
99.41176470588235
99.70588235294117
99.41176470588235
99.70588235294117
99.41176470588235
99.70588235294117
