99.73856209150327
40.98039215686274
45.130718954248366
62.810457516339866
49.34640522875817
58.88888888888889
52.97385620915033
55.26143790849674
56.89542483660131
51.045751633986924
60.81699346405228
47.124183006535944
64.73856209150327
43.20261437908497
68.66013071895425
41.24183006535947
70.0
71.20915032679738
99.41176470588235
99.70588235294117
99.41176470588235
99.70588235294117
99.41176470588235
99.70588235294117
99.41176470588235
99.70588235294117
99.41176470588235
99.70588235294117
99.41176470588235
99.70588235294117
99.41176470588235
99.41176470588235
99.70588235294117
98.98692810457517
41.96078431372549
65.98039215686275
45.588235294117645
62.35294117647059
49.80392156862745
58.13725490196079
53.431372549019606
54.509803921568626
57.647058823529406
50.294117647058826
61.274509803921575
46.666666666666664
65.26143790849673
42.6797385620915
69.11764705882352
41.24183006535947
70.58823529411765
99.70588235294117
99.41176470588235
99.70588235294117
99.41176470588235
99.70588235294117
99.41176470588235
99.70588235294117
99.41176470588235
99.70588235294117
99.41176470588235
99.70588235294117
99.41176470588235
99.50980392156863
99.6078431372549
99.41176470588235
99.70588235294117
69.44444444444444
42.12418300653595
65.81699346405229
46.33986928104575
61.60130718954249
49.967320261437905
57.973856209150334
54.18300653594771
53.75816993464052
57.810457516339866
50.130718954248366
62.02614379084967
45.91503267973856
65.65359477124183
42.287581699346404
69.57516339869281
41.50326797385621
99.41176470588235
99.70588235294117
99.41176470588235
99.70588235294117
99.41176470588235
99.70588235294117
99.41176470588235
99.70588235294117
99.41176470588235
99.70588235294117
99.41176470588235
99.70588235294117
99.41176470588235
99.41176470588235
99.70588235294117
99.41176470588235
