78.49673202614379
13.104575163398694
13.104575163398694
26.24183006535948
13.104575163398694
26.24183006535948
13.104575163398694
26.24183006535948
13.137254901960786
26.27450980392157
15.130718954248366
24.281045751633986
19.54248366013072
19.869281045751634
22.973856209150327
16.437908496732025
26.27450980392157
47.84313725490196
98.95424836601308
99.47712418300654
98.95424836601308
99.47712418300654
98.95424836601308
99.47712418300654
98.95424836601308
99.47712418300654
98.95424836601308
99.47712418300654
98.95424836601308
99.47712418300654
98.95424836601308
99.47712418300654
98.95424836601308
99.05228758169935
13.104575163398694
26.20915032679739
13.104575163398694
26.20915032679739
13.104575163398694
26.20915032679739
13.104575163398694
26.20915032679739
13.104575163398694
26.20915032679739
16.045751633986928
23.26797385620915
19.444444444444446
19.869281045751634
23.88888888888889
15.42483660130719
27.254901960784313
98.95424836601308
98.95424836601308
99.47712418300654
98.95424836601308
99.47712418300654
98.95424836601308
99.47712418300654
98.95424836601308
99.47712418300654
98.95424836601308
99.47712418300654
98.95424836601308
99.47712418300654
98.95424836601308
99.47712418300654
98.95424836601308
46.86274509803921
13.104575163398694
26.20915032679739
13.104575163398694
26.20915032679739
13.104575163398694
26.20915032679739
13.104575163398694
26.20915032679739
13.104575163398694
26.20915032679739
15.980392156862743
23.333333333333332
20.424836601307188
18.88888888888889
23.823529411764703
15.490196078431373
79.24836601307189
99.15032679738562
98.95424836601308
99.47712418300654
98.95424836601308
99.47712418300654
98.95424836601308
99.47712418300654
98.95424836601308
99.47712418300654
98.95424836601308
99.47712418300654
98.95424836601308
99.47712418300654
98.95424836601308
99.47712418300654
