68.69281045751634
3.300653594771242
3.300653594771242
6.633986928104576
3.300653594771242
6.633986928104576
3.3333333333333335
6.666666666666667
3.3333333333333335
6.666666666666667
3.3333333333333335
6.666666666666667
3.3333333333333335
6.666666666666667
3.366013071895425
6.633986928104576
6.666666666666667
37.94117647058823
98.75816993464053
99.37908496732027
98.75816993464053
99.37908496732027
98.75816993464053
99.37908496732027
98.75816993464053
99.37908496732027
98.75816993464053
99.37908496732027
98.75816993464053
99.37908496732027
98.75816993464053
99.37908496732027
98.75816993464053
98.33333333333333
3.300653594771242
6.601307189542484
3.300653594771242
6.601307189542484
3.300653594771242
6.601307189542484
3.300653594771242
6.601307189542484
3.300653594771242
6.601307189542484
3.300653594771242
6.601307189542484
3.300653594771242
6.601307189542484
3.758169934640523
6.143790849673202
7.647058823529412
99.37908496732027
98.75816993464053
99.37908496732027
98.75816993464053
99.37908496732027
98.75816993464053
99.37908496732027
98.75816993464053
99.37908496732027
98.75816993464053
99.37908496732027
98.75816993464053
99.37908496732027
98.75816993464053
99.01960784313727
99.11764705882354
36.43790849673202
3.300653594771242
6.601307189542484
3.300653594771242
6.601307189542484
3.300653594771242
6.601307189542484
3.300653594771242
6.601307189542484
3.300653594771242
6.601307189542484
3.300653594771242
6.601307189542484
3.300653594771242
6.601307189542484
4.215686274509804
5.686274509803922
69.54248366013071
99.37908496732027
98.75816993464053
99.37908496732027
98.75816993464053
99.37908496732027
98.75816993464053
99.37908496732027
98.75816993464053
99.37908496732027
98.75816993464053
99.37908496732027
98.75816993464053
99.37908496732027
98.75816993464053
98.75816993464053
