99.77124183006536
50.7516339869281
52.12418300653595
66.07843137254902
55.653594771241835
62.189542483660134
59.54248366013072
58.26797385620915
63.464052287581694
54.346405228758165
67.41830065359477
50.3921568627451
71.33986928104575
47.81045751633987
73.92156862745098
47.84313725490196
73.26797385620914
74.50980392156863
99.80392156862746
100.0
100.0
100.0
100.0
100.0
100.0
100.0
100.0
99.73856209150327
99.47712418300654
99.73856209150327
99.47712418300654
99.73856209150327
99.47712418300654
99.31372549019608
48.20261437908497
69.54248366013071
52.38562091503268
65.359477124183
56.04575163398693
61.69934640522876
59.967320261437905
57.77777777777777
63.888888888888886
53.8562091503268
67.81045751633987
49.93464052287582
71.73202614379085
47.77777777777778
73.88888888888889
48.03921568627451
73.59477124183007
99.47712418300654
99.73856209150327
99.47712418300654
99.73856209150327
99.47712418300654
99.73856209150327
99.47712418300654
99.73856209150327
99.47712418300654
99.47712418300654
99.73856209150327
99.47712418300654
99.73856209150327
99.47712418300654
99.73856209150327
99.47712418300654
73.00653594771241
48.92156862745098
68.82352941176471
52.58169934640523
65.16339869281046
56.76470588235294
60.98039215686275
60.424836601307184
57.32026143790849
64.34640522875817
53.39869281045752
68.26797385620915
49.47712418300654
72.18954248366013
48.03921568627451
73.62745098039215
47.74509803921569
99.73856209150327
99.47712418300654
99.73856209150327
99.47712418300654
99.73856209150327
99.47712418300654
99.73856209150327
99.47712418300654
99.73856209150327
99.47712418300654
99.47712418300654
99.73856209150327
99.47712418300654
99.73856209150327
99.47712418300654
99.73856209150327
