85.0326797385621
19.640522875816995
19.673202614379086
39.28104575163399
20.065359477124183
39.34640522875817
20.359477124183005
38.66013071895425
24.705882352941178
34.31372549019608
28.202614379084967
30.81699346405229
32.549019607843135
26.47058823529412
36.045751633986924
22.973856209150327
39.34640522875817
54.44444444444444
99.08496732026144
99.54248366013073
99.08496732026144
99.54248366013073
99.08496732026144
99.54248366013073
99.08496732026144
99.54248366013073
99.08496732026144
99.54248366013073
99.08496732026144
99.54248366013073
99.08496732026144
99.54248366013073
99.08496732026144
99.11764705882354
19.640522875816995
39.28104575163399
19.640522875816995
39.28104575163399
19.640522875816995
39.28104575163399
21.209150326797385
37.712418300653596
24.673202614379086
34.248366013071895
29.05228758169935
29.869281045751634
32.51633986928105
26.405228758169937
36.89542483660131
22.026143790849673
40.326797385620914
99.08496732026144
99.08496732026144
99.54248366013073
99.08496732026144
99.54248366013073
99.08496732026144
99.54248366013073
99.08496732026144
99.54248366013073
99.08496732026144
99.54248366013073
99.08496732026144
99.54248366013073
99.08496732026144
99.54248366013073
99.08496732026144
53.39869281045752
19.640522875816995
39.28104575163399
19.640522875816995
39.28104575163399
19.640522875816995
39.28104575163399
21.209150326797385
37.712418300653596
25.588235294117645
33.33333333333333
29.05228758169935
29.869281045751634
33.431372549019606
25.49019607843137
36.89542483660131
22.026143790849673
86.04575163398694
99.08496732026144
99.08496732026144
99.54248366013073
99.08496732026144
99.54248366013073
99.08496732026144
99.54248366013073
99.08496732026144
99.54248366013073
99.08496732026144
99.54248366013073
99.08496732026144
99.54248366013073
99.08496732026144
99.54248366013073
