78.49673202614379
13.104575163398694
13.104575163398694
26.20915032679739
26.20915032679739
13.104575163398694
13.104575163398694
26.20915032679739
26.20915032679739
13.169934640522877
15.0
24.248366013071895
26.20915032679739
21.013071895424837
15.0
16.405228758169933
26.20915032679739
15.588235294117647
62.810457516339866
38.954248366013076
58.98692810457516
42.77777777777778
55.16339869281046
46.60130718954248
51.33986928104575
50.42483660130719
47.51633986928104
54.248366013071895
43.69281045751634
58.071895424836605
39.869281045751634
61.89542483660131
36.045751633986924
65.29411764705883
13.104575163398694
26.20915032679739
26.20915032679739
13.104575163398694
13.104575163398694
26.20915032679739
26.20915032679739
13.104575163398694
13.104575163398694
26.20915032679739
26.20915032679739
17.549019607843135
15.0
19.869281045751634
26.20915032679739
25.392156862745097
13.92156862745098
35.55555555555556
62.38562091503268
39.37908496732026
58.56209150326798
43.20261437908497
54.738562091503276
47.02614379084967
50.91503267973856
50.849673202614376
47.091503267973856
54.67320261437908
43.26797385620915
58.496732026143796
39.44444444444444
62.3202614379085
35.62091503267974
45.751633986928105
26.20915032679739
13.104575163398694
13.104575163398694
26.20915032679739
26.20915032679739
13.104575163398694
13.104575163398694
26.20915032679739
26.20915032679739
14.084967320261438
15.0
23.333333333333332
26.20915032679739
21.9281045751634
15.0
15.490196078431373
45.751633986928105
35.98039215686274
61.96078431372549
39.80392156862745
58.13725490196079
43.627450980392155
54.31372549019608
47.45098039215686
50.49019607843137
51.27450980392156
46.666666666666664
55.09803921568628
42.84313725490196
58.92156862745098
39.01960784313726
62.745098039215684
