100,97.46045125752259,2.539548742477408
200,94.94507935885625,5.05492064114376
300,92.40585733048438,7.594142669515613
400,89.86663530211253,10.133364697887465
500,87.32970027247956,12.670299727520437
600,84.73820398721894,15.261796012781057
700,82.14246041858611,17.85753958141389
800,79.55749841543658,20.44250158456341
900,76.96404184554264,23.03595815445736
1000,74.42057253379858,25.579427466201427
1100,71.75883271584368,28.241167284156326
1200,69.15884186383863,30.841158136161372
1300,66.59217585060017,33.40782414939983
1400,64.01995569756728,35.98004430243271
1500,61.447735544534396,38.552264455465604
1600,58.86963453760152,41.13036546239847
1700,56.302968524363074,43.697031475636926
1800,53.730748371330186,46.269251628669814
1900,51.146439796391775,48.85356020360823
2000,48.57944706904776,51.42055293095225
2100,0.6537549252151412,99.34624507478486
