99.90196078431373
83.07189542483661
77.81045751633987
79.15032679738562
81.73202614379085
75.22875816993464
85.65359477124183
73.92156862745098
86.9607843137255
74.05228758169935
86.83006535947713
73.92156862745098
87.09150326797386
73.92156862745098
86.83006535947713
73.92156862745098
86.33986928104575
87.41830065359477
99.86928104575163
99.73856209150327
99.86928104575163
99.73856209150327
99.86928104575163
99.73856209150327
99.86928104575163
99.73856209150327
99.86928104575163
99.73856209150327
99.86928104575163
99.73856209150327
99.73856209150327
99.86928104575163
99.73856209150327
99.44444444444444
74.34640522875817
82.61437908496731
78.39869281045752
78.56209150326798
82.18954248366013
74.77124183006536
86.11111111111111
74.05228758169935
86.83006535947713
74.05228758169935
86.83006535947713
74.05228758169935
86.83006535947713
73.92156862745098
86.9607843137255
74.05228758169935
86.79738562091504
99.73856209150327
99.86928104575163
99.73856209150327
99.86928104575163
99.73856209150327
99.86928104575163
99.73856209150327
99.86928104575163
99.73856209150327
99.86928104575163
99.73856209150327
99.86928104575163
99.73856209150327
99.73856209150327
99.86928104575163
99.73856209150327
86.07843137254902
74.93464052287581
82.02614379084967
78.72549019607843
78.23529411764706
82.6470588235294
74.31372549019608
86.5686274509804
74.05228758169935
86.83006535947713
74.05228758169935
86.83006535947713
73.95424836601308
86.9281045751634
74.05228758169935
86.83006535947713
73.88888888888889
99.86928104575163
99.73856209150327
99.86928104575163
99.73856209150327
99.86928104575163
99.73856209150327
99.86928104575163
99.73856209150327
99.86928104575163
99.73856209150327
99.86928104575163
99.73856209150327
99.80392156862746
99.80392156862746
99.73856209150327
99.86928104575163
