99.83660130718954
70.29411764705881
64.77124183006536
72.61437908496731
68.72549019607843
68.72549019607843
72.61437908496731
64.80392156862746
76.53594771241829
61.078431372549026
80.29411764705883
60.882352941176464
80.45751633986929
60.882352941176464
80.45751633986929
60.91503267973856
79.80392156862746
81.04575163398692
100.0
100.0
100.0
99.80392156862746
99.80392156862746
99.6078431372549
99.80392156862746
99.6078431372549
99.80392156862746
99.6078431372549
99.6078431372549
99.80392156862746
99.6078431372549
99.80392156862746
99.6078431372549
99.37908496732027
61.274509803921575
76.07843137254902
65.3921568627451
71.96078431372548
69.11764705882352
68.23529411764706
73.0392156862745
64.31372549019608
76.9607843137255
61.04575163398693
80.22875816993465
61.04575163398693
80.22875816993465
60.849673202614376
80.42483660130719
61.04575163398693
80.19607843137256
99.6078431372549
99.80392156862746
99.6078431372549
99.80392156862746
99.6078431372549
99.80392156862746
99.6078431372549
99.80392156862746
99.6078431372549
99.80392156862746
99.6078431372549
99.6078431372549
99.80392156862746
99.6078431372549
99.80392156862746
99.6078431372549
79.54248366013071
61.9281045751634
75.42483660130719
65.65359477124183
71.69934640522875
69.57516339869281
67.77777777777779
73.4967320261438
63.85620915032679
77.41830065359477
61.04575163398693
80.22875816993465
60.849673202614376
80.42483660130719
61.04575163398693
80.22875816993465
60.81699346405228
99.80392156862746
99.6078431372549
99.80392156862746
99.6078431372549
99.80392156862746
99.6078431372549
99.80392156862746
99.6078431372549
99.80392156862746
99.6078431372549
99.80392156862746
99.6078431372549
99.6078431372549
99.80392156862746
99.6078431372549
99.80392156862746
