99.90196078431373
83.07189542483661
77.94117647058823
79.15032679738562
81.73202614379085
75.22875816993464
85.65359477124183
74.05228758169935
86.83006535947713
73.92156862745098
86.9607843137255
73.95424836601308
86.9607843137255
73.95424836601308
86.9607843137255
73.92156862745098
86.33986928104575
87.54901960784314
99.80392156862746
99.80392156862746
99.80392156862746
99.80392156862746
99.80392156862746
99.80392156862746
99.73856209150327
99.86928104575163
99.73856209150327
99.86928104575163
99.73856209150327
99.86928104575163
99.73856209150327
99.86928104575163
99.73856209150327
99.41176470588235
74.37908496732027
82.58169934640523
78.36601307189542
78.59477124183006
82.22222222222221
74.73856209150327
86.20915032679738
73.92156862745098
86.89542483660131
73.92156862745098
86.9607843137255
73.98692810457517
86.89542483660131
73.92156862745098
86.9607843137255
73.98692810457517
86.79738562091504
99.80392156862746
99.80392156862746
99.80392156862746
99.80392156862746
99.80392156862746
99.80392156862746
99.80392156862746
99.73856209150327
99.86928104575163
99.73856209150327
99.83660130718954
99.77124183006536
99.83660130718954
99.77124183006536
99.83660130718954
99.77124183006536
86.04575163398694
74.90196078431373
82.05882352941177
78.75816993464052
78.20261437908496
82.74509803921568
74.2156862745098
86.60130718954248
73.92156862745098
87.02614379084967
73.92156862745098
86.86274509803921
73.95424836601308
86.9607843137255
73.98692810457517
86.86274509803921
73.92156862745098
99.80392156862746
99.80392156862746
99.80392156862746
99.80392156862746
99.80392156862746
99.80392156862746
99.80392156862746
99.80392156862746
99.73856209150327
99.86928104575163
99.73856209150327
99.83660130718954
99.77124183006536
99.83660130718954
99.77124183006536
99.83660130718954
