99.9673202614379
89.6078431372549
90.88235294117646
86.99346405228758
93.56209150326798
86.99346405228758
93.43137254901961
86.99346405228758
93.49673202614379
87.05882352941177
93.43137254901961
86.99346405228758
93.49673202614379
87.05882352941177
93.43137254901961
86.99346405228758
92.87581699346406
94.08496732026144
99.86928104575163
99.93464052287581
99.86928104575163
99.93464052287581
99.86928104575163
99.86928104575163
99.93464052287581
99.86928104575163
99.93464052287581
99.86928104575163
99.93464052287581
99.86928104575163
99.93464052287581
99.86928104575163
99.93464052287581
99.44444444444444
87.48366013071896
89.08496732026144
91.33986928104575
87.05882352941177
93.49673202614379
86.99346405228758
93.43137254901961
87.05882352941177
93.43137254901961
87.05882352941177
93.43137254901961
86.99346405228758
93.49673202614379
87.05882352941177
93.43137254901961
86.99346405228758
93.4640522875817
99.93464052287581
99.86928104575163
99.93464052287581
99.86928104575163
99.93464052287581
99.86928104575163
99.86928104575163
99.93464052287581
99.86928104575163
99.93464052287581
99.86928104575163
99.93464052287581
99.86928104575163
99.93464052287581
99.86928104575163
99.93464052287581
92.54901960784314
87.87581699346406
88.69281045751633
91.86274509803921
86.99346405228758
93.43137254901961
87.05882352941177
93.43137254901961
87.05882352941177
93.43137254901961
86.99346405228758
93.49673202614379
87.05882352941177
93.43137254901961
86.99346405228758
93.49673202614379
87.02614379084967
99.86928104575163
99.93464052287581
99.86928104575163
99.93464052287581
99.86928104575163
99.93464052287581
99.86928104575163
99.86928104575163
99.93464052287581
99.86928104575163
99.93464052287581
99.86928104575163
99.93464052287581
99.86928104575163
99.93464052287581
99.86928104575163
