71.96078431372548
6.568627450980393
6.568627450980393
13.169934640522877
6.568627450980393
13.169934640522877
6.601307189542484
13.202614379084968
6.601307189542484
13.202614379084968
6.601307189542484
13.202614379084968
6.601307189542484
13.202614379084968
10.457516339869281
9.34640522875817
13.202614379084968
41.79738562091504
98.82352941176471
99.41176470588235
98.82352941176471
99.41176470588235
98.82352941176471
99.41176470588235
98.82352941176471
99.41176470588235
98.82352941176471
99.41176470588235
98.82352941176471
99.41176470588235
98.82352941176471
99.41176470588235
98.82352941176471
98.98692810457517
6.568627450980393
13.137254901960786
6.568627450980393
13.137254901960786
6.568627450980393
13.137254901960786
6.568627450980393
13.137254901960786
6.568627450980393
13.137254901960786
6.568627450980393
13.137254901960786
6.568627450980393
13.137254901960786
10.882352941176471
8.823529411764707
14.183006535947712
98.82352941176471
98.82352941176471
99.41176470588235
98.82352941176471
99.41176470588235
98.82352941176471
99.41176470588235
98.82352941176471
99.41176470588235
98.82352941176471
99.41176470588235
98.82352941176471
99.41176470588235
98.82352941176471
99.41176470588235
98.82352941176471
40.326797385620914
6.568627450980393
13.137254901960786
6.568627450980393
13.137254901960786
6.568627450980393
13.137254901960786
6.568627450980393
13.137254901960786
6.568627450980393
13.137254901960786
6.568627450980393
13.137254901960786
7.4183006535947715
12.287581699346404
10.751633986928105
8.954248366013072
72.84313725490196
98.82352941176471
98.82352941176471
99.41176470588235
98.82352941176471
99.41176470588235
98.82352941176471
99.41176470588235
98.82352941176471
99.41176470588235
98.82352941176471
99.41176470588235
98.82352941176471
99.41176470588235
98.82352941176471
99.41176470588235
