91.56862745098039
26.176470588235297
26.176470588235297
52.352941176470594
52.352941176470594
31.470588235294116
28.0718954248366
45.16339869281046
52.352941176470594
39.31372549019608
28.0718954248366
37.3202614379085
52.352941176470594
47.15686274509804
28.0718954248366
29.477124183006538
52.352941176470594
28.660130718954246
62.810457516339866
38.954248366013076
58.98692810457516
42.77777777777778
55.16339869281046
46.60130718954248
51.33986928104575
50.42483660130719
47.51633986928104
54.248366013071895
43.69281045751634
58.071895424836605
39.869281045751634
61.89542483660131
36.045751633986924
65.29411764705883
26.176470588235297
52.352941176470594
52.352941176470594
28.00653594771242
28.0718954248366
48.627450980392155
52.352941176470594
35.849673202614376
28.0718954248366
40.78431372549019
52.352941176470594
43.69281045751634
28.0718954248366
32.94117647058823
52.352941176470594
51.53594771241829
26.99346405228758
35.55555555555556
62.38562091503268
39.37908496732026
58.56209150326798
43.20261437908497
54.738562091503276
47.02614379084967
50.91503267973856
50.849673202614376
47.091503267973856
54.67320261437908
43.26797385620915
58.496732026143796
39.44444444444444
62.3202614379085
35.62091503267974
58.82352941176471
52.352941176470594
26.176470588235297
26.437908496732028
52.09150326797386
52.352941176470594
32.38562091503268
28.0718954248366
44.248366013071895
52.352941176470594
40.22875816993464
28.0718954248366
36.40522875816993
52.352941176470594
48.071895424836605
28.0718954248366
28.562091503267972
58.82352941176471
35.98039215686274
61.96078431372549
39.80392156862745
58.13725490196079
43.627450980392155
54.31372549019608
47.45098039215686
50.49019607843137
51.27450980392156
46.666666666666664
55.09803921568628
42.84313725490196
58.92156862745098
39.01960784313726
62.745098039215684
