100,97.84466704565503,2.1553329543449706
200,95.72102535954888,4.278974640451127
300,93.569286260365,6.430713739634995
400,91.54561909055862,8.454380909441383
500,89.42589797371912,10.574102026280881
600,87.35943125608505,12.640568743914951
700,85.4128686151896,14.587131384810409
800,83.32549219480002,16.67450780519998
900,81.55339488627082,18.44660511372918
1000,79.50587758675893,20.49412241324107
1100,76.73893582681539,23.26106417318461
1200,73.67109037565588,26.32890962434412
1300,70.70093244205725,29.29906755794275
1400,67.7859891922974,32.214010807702614
1500,64.31595867719993,35.68404132280007
1600,61.12004129666294,38.87995870333706
1700,55.34536948098198,44.65463051901803
1800,30.775488600944854,69.22451139905515
1900,9.296323159456087,90.7036768405439
2000,1.1869523454805637,98.81304765451944
2100,0.6537549252151412,99.34624507478486
