94.83660130718954
29.444444444444446
32.41830065359477
56.30718954248366
36.045751633986924
52.38562091503268
39.96732026143791
48.4640522875817
43.888888888888886
44.54248366013072
47.81045751633987
40.62091503267974
52.05882352941177
36.37254901960784
55.653594771241835
32.77777777777778
58.954248366013076
64.34640522875817
99.640522875817
100.0
100.0
100.0
100.0
99.281045751634
99.640522875817
99.281045751634
99.640522875817
99.281045751634
99.281045751634
99.640522875817
99.281045751634
99.640522875817
99.281045751634
99.2156862745098
29.444444444444446
58.88888888888889
32.87581699346405
55.45751633986929
36.43790849673202
51.895424836601315
40.35947712418301
47.97385620915033
44.28104575163398
44.052287581699346
48.20261437908497
40.130718954248366
52.12418300653595
36.209150326797385
56.04575163398693
32.287581699346404
59.93464052287582
99.281045751634
99.640522875817
99.281045751634
99.640522875817
99.281045751634
99.640522875817
99.281045751634
99.640522875817
99.281045751634
99.640522875817
99.281045751634
99.281045751634
99.640522875817
99.281045751634
99.640522875817
99.281045751634
63.20261437908496
29.444444444444446
58.88888888888889
32.97385620915033
55.35947712418301
36.89542483660131
51.43790849673202
40.81699346405229
47.51633986928104
44.73856209150327
43.59477124183007
48.66013071895425
39.673202614379086
52.58169934640523
35.751633986928105
56.50326797385621
31.83006535947712
95.94771241830065
99.281045751634
99.640522875817
99.281045751634
99.640522875817
99.281045751634
99.640522875817
99.281045751634
99.640522875817
99.281045751634
99.640522875817
99.281045751634
99.281045751634
99.640522875817
99.281045751634
99.640522875817
