65.42483660130719
0.0326797385620915
0.0326797385620915
0.09803921568627451
0.0326797385620915
0.065359477124183
0.065359477124183
0.130718954248366
0.065359477124183
0.130718954248366
0.065359477124183
0.130718954248366
0.065359477124183
0.130718954248366
0.065359477124183
0.130718954248366
0.130718954248366
34.64052287581699
98.69281045751634
99.34640522875817
98.69281045751634
99.34640522875817
98.69281045751634
99.34640522875817
98.69281045751634
99.34640522875817
98.69281045751634
99.34640522875817
98.69281045751634
99.34640522875817
98.69281045751634
99.34640522875817
98.69281045751634
98.8562091503268
0.0326797385620915
0.065359477124183
0.0326797385620915
0.065359477124183
0.0326797385620915
0.065359477124183
0.065359477124183
0.065359477124183
0.0326797385620915
0.065359477124183
0.0326797385620915
0.065359477124183
0.0326797385620915
0.065359477124183
0.0326797385620915
0.065359477124183
1.1111111111111112
98.69281045751634
99.34640522875817
98.69281045751634
99.34640522875817
98.69281045751634
98.69281045751634
99.34640522875817
98.69281045751634
99.34640522875817
98.69281045751634
99.34640522875817
98.69281045751634
99.34640522875817
98.69281045751634
99.34640522875817
98.69281045751634
33.790849673202615
0.0326797385620915
0.065359477124183
0.0326797385620915
0.065359477124183
0.0326797385620915
0.065359477124183
0.0326797385620915
0.065359477124183
0.0326797385620915
0.065359477124183
0.0326797385620915
0.065359477124183
0.0326797385620915
0.065359477124183
0.0326797385620915
0.065359477124183
66.24183006535948
98.69281045751634
99.34640522875817
98.69281045751634
99.34640522875817
98.69281045751634
98.69281045751634
99.34640522875817
98.69281045751634
99.34640522875817
98.69281045751634
99.34640522875817
98.69281045751634
99.34640522875817
98.69281045751634
99.34640522875817
