99.9673202614379
93.59477124183006
96.69934640522875
93.52941176470588
96.76470588235294
93.59477124183006
96.69934640522875
93.52941176470588
96.83006535947712
93.4640522875817
96.76470588235294
93.62745098039215
96.69934640522875
93.56209150326798
96.76470588235294
93.59477124183006
96.07843137254902
97.2875816993464
99.93464052287581
99.86928104575163
99.93464052287581
99.86928104575163
99.86928104575163
99.93464052287581
99.86928104575163
99.93464052287581
99.86928104575163
99.93464052287581
99.86928104575163
99.93464052287581
99.86928104575163
99.93464052287581
99.86928104575163
99.50980392156863
93.95424836601308
93.59477124183006
96.76470588235294
93.52941176470588
96.69934640522875
93.52941176470588
96.83006535947712
93.52941176470588
96.69934640522875
93.52941176470588
96.83006535947712
93.52941176470588
96.69934640522875
93.52941176470588
96.76470588235294
93.59477124183006
96.66666666666667
99.86928104575163
99.93464052287581
99.86928104575163
99.93464052287581
99.86928104575163
99.86928104575163
99.93464052287581
99.86928104575163
99.93464052287581
99.86928104575163
99.93464052287581
99.86928104575163
99.93464052287581
99.86928104575163
99.93464052287581
99.86928104575163
95.88235294117648
94.47712418300654
93.52941176470588
96.69934640522875
93.59477124183006
96.76470588235294
93.52941176470588
96.69934640522875
93.52941176470588
96.83006535947712
93.52941176470588
96.69934640522875
93.52941176470588
96.76470588235294
93.59477124183006
96.69934640522875
93.49673202614379
99.93464052287581
99.86928104575163
99.93464052287581
99.86928104575163
99.93464052287581
99.86928104575163
99.86928104575163
99.93464052287581
99.86928104575163
99.93464052287581
99.86928104575163
99.93464052287581
99.86928104575163
99.93464052287581
99.86928104575163
99.93464052287581
