99.9673202614379
89.6078431372549
90.88235294117646
86.99346405228758
93.49673202614379
87.09150326797386
93.43137254901961
87.05882352941177
93.43137254901961
86.99346405228758
93.49673202614379
87.09150326797386
93.43137254901961
86.99346405228758
93.49673202614379
86.99346405228758
92.87581699346406
94.05228758169935
99.93464052287581
99.86928104575163
99.93464052287581
99.86928104575163
99.93464052287581
99.86928104575163
99.93464052287581
99.86928104575163
99.86928104575163
99.93464052287581
99.86928104575163
99.93464052287581
99.86928104575163
99.93464052287581
99.86928104575163
99.50980392156863
87.41830065359477
89.15032679738563
91.40522875816993
86.99346405228758
93.43137254901961
87.05882352941177
93.43137254901961
87.05882352941177
93.43137254901961
86.99346405228758
93.49673202614379
87.05882352941177
93.43137254901961
86.99346405228758
93.49673202614379
87.05882352941177
93.39869281045752
99.86928104575163
99.93464052287581
99.86928104575163
99.93464052287581
99.86928104575163
99.93464052287581
99.86928104575163
99.93464052287581
99.86928104575163
99.86928104575163
99.93464052287581
99.86928104575163
99.93464052287581
99.86928104575163
99.93464052287581
99.86928104575163
92.61437908496733
87.94117647058823
88.62745098039215
91.79738562091502
87.05882352941177
93.49673202614379
86.99346405228758
93.43137254901961
87.05882352941177
93.43137254901961
87.05882352941177
93.43137254901961
86.99346405228758
93.49673202614379
87.05882352941177
93.43137254901961
86.9607843137255
99.93464052287581
99.86928104575163
99.93464052287581
99.86928104575163
99.93464052287581
99.86928104575163
99.93464052287581
99.86928104575163
99.93464052287581
99.86928104575163
99.86928104575163
99.93464052287581
99.86928104575163
99.93464052287581
99.86928104575163
99.93464052287581
