0.0
92.53731343283582
94.02985074626866
100.0
86.56716417910447
97.01492537313433
89.55223880597015
100.0
100.0
100.0
100.0
100.0
92.53731343283582
94.02985074626866
100.0
94.02985074626866
92.53731343283582
86.56716417910447
100.0
100.0
100.0
100.0
10.44776119402985
0.0
0.0
0.0
0.0
0.0
0.0
0.0
0.0
0.0
0.0
0.0
0.0
0.0
0.0
0.0
0.0
0.0
0.0
0.0
0.0
0.0
0.0
2.9850746268656714
2.9850746268656714
29.850746268656714
0.0
0.0
0.0
0.0
0.0
0.0
0.0
0.0
0.0
4.477611940298507
0.0
0.0
0.0
0.0
0.0
0.0
7.462686567164178
0.0
0.0
0.0
0.0
0.0
0.0
0.0
0.0
0.0
0.0
7.462686567164178
0.0
0.0
0.0
0.0
0.0
0.0
4.477611940298507
4.477611940298507
0.0
0.0
0.0
0.0
0.0
0.0
0.0
0.0
0.0
8.955223880597014
0.0
0.0
0.0
0.0
0.0
0.0
0.0
0.0
044776119403
4.477611940298507
1.4925373134328357
0.0
0.0
0.0
0.0
0.0
0.0
0.0
0.0
8.955223880597014
0.0
1.4925373134328357
0.0
0.0
0.0
0.0
0.0
14.925373134328357
