30,97.36027134640909,2.6397286535909155
60,96.0772747382392,3.9227252617608026
100,94.29287715676153,5.70712284323846
200,89.85400383424273,10.145996165757262
300,85.53310721132577,14.466892788674238
400,75.34286978321781,24.657130216782186
500,69.59150567762867,30.408494322371332
600,63.69267069753724,36.30732930246276
700,57.83807697979649,42.16192302020351
800,52.05721869930689,47.94278130069311
900,46.202624981566146,53.797375018433854
1000,40.466007963427224,59.53399203657278
1100,34.74413803273853,65.25586196726147
1200,28.904291402448017,71.09570859755199
1300,23.0644447721575,76.9355552278425
1400,20.778646217372067,79.22135378262793
