30,97.06532959740451,2.9346704025954873
60,95.28093201592685,4.7190679840731455
100,94.24863589441085,5.751364105589146
200,89.82450965934228,10.175490340657719
300,85.5036130364253,14.496386963574695
400,81.21221058840878,18.78778941159121
500,76.81757852824067,23.182421471759326
600,73.18979501548444,26.810204984515558
700,70.24037752543873,29.759622474561276
800,67.34994838519393,32.650051614806074
900,64.37103672024776,35.62896327975225
1000,61.5101017549034,38.48989824509659
1100,58.67866096445952,41.32133903554048
1200,55.74399056186403,44.25600943813597
1300,52.809320159268545,47.190679840731455
1400,20.778646217372067,79.22135378262793
