30,97.84692523226663,2.1530747677333726
60,97.38976552130954,2.6102344786904585
100,96.78513493585017,3.214865064149831
200,95.31042619082731,4.689573809172688
300,93.82097035835423,6.1790296416457755
400,92.34626161333136,7.653738386668634
500,90.88629995575874,9.113700044241263
600,89.42633829818611,10.573661701813892
700,87.2585164430025,12.741483556997494
800,84.42707565255861,15.572924347441381
900,81.52189942486359,18.47810057513641
1000,67.14348916089072,32.856510839109276
1100,56.82052794573072,43.17947205426928
1200,53.9743400678366,46.0256599321634
1300,52.39640171066215,47.60359828933785
1400,20.778646217372067,79.22135378262793
