30,97.66996018286387,2.330039817136116
60,96.81462911075063,3.1853708892493735
100,95.62011502728211,4.379884972717888
200,92.67069753723639,7.329302462763604
300,89.78026839699159,10.219731603008405
400,86.94882760654771,13.051172393452292
500,82.96711399498598,17.03288600501401
600,78.7346998967704,21.265300103229613
700,75.80002949417491,24.1999705058251
800,72.99808287863146,27.00191712136853
900,70.19613626308804,29.80386373691196
1000,67.4384309098953,32.561569090104705
1100,59.47500368677186,40.52499631322814
1200,43.946320601681165,56.053679398318835
1300,29.759622474561276,70.24037752543873
1400,20.778646217372067,79.22135378262793
