30,97.59622474561273,2.4037752543872584
60,96.74089367349949,3.259106326500516
100,95.54637959003097,4.453620409969031
200,92.59696209998526,7.4030379000147475
300,89.72128004719067,10.27871995280932
400,85.10544167526913,14.894558324730866
500,78.1743105736617,21.8256894263383
600,72.3934522931721,27.6065477068279
700,65.71302167821855,34.28697832178145
800,52.07196578675711,47.92803421324289
900,46.2321191564666,53.7678808435334
1000,40.49550213832768,59.50449786167232
1100,34.655655508037164,65.34434449196283
1200,28.815808877746647,71.18419112225337
1300,22.975962247456128,77.02403775254388
1400,20.778646217372067,79.22135378262793
