30,97.5224893083616,2.4775106916384013
60,96.20999852529125,3.790001474708745
100,94.42560094381359,5.574399056186404
200,90.00147470874502,9.998525291254976
300,85.62158973602713,14.378410263972865
400,81.33018728801062,18.66981271198938
500,76.9355552278425,23.0644447721575
600,63.63368234773632,36.36631765226368
700,57.77908862999558,42.22091137000442
800,63.69267069753724,36.30732930246276
900,46.21737206901637,53.78262793098363
1000,55.036130364253054,44.96386963574694
1100,34.72939094528831,65.2706090547117
1200,28.88954431499779,71.11045568500222
1300,26.39728653590916,73.60271346409084
1400,20.778646217372067,79.22135378262793
