30,96.97684707270314,3.023152927296859
60,95.28093201592685,4.7190679840731455
100,92.89190384898983,7.108096151010175
200,86.94882760654771,13.051172393452292
300,81.15322223860787,18.846777761392126
400,75.35761687066804,24.642383129331957
500,69.51777024037753,30.482229759622477
600,63.69267069753724,36.30732930246276
700,57.83807697979649,42.16192302020351
800,52.05721869930689,47.94278130069311
900,46.202624981566146,53.797375018433854
1000,40.466007963427224,59.53399203657278
1100,34.74413803273853,65.25586196726147
1200,28.904291402448017,71.09570859755199
1300,23.0644447721575,76.9355552278425
1400,20.778646217372067,79.22135378262793
