30,98.00914319421913,1.9908568057808582
60,97.58147765816251,2.418522341837487
100,96.99159416015337,3.0084058398466302
200,95.51688541513052,4.483114584869488
300,94.13065919480903,5.869340805190975
400,92.6264562748857,7.37354372511429
500,90.42914024480166,9.570859755198349
600,88.23182421471759,11.768175785282407
700,86.0197610971833,13.980238902816694
800,83.86668632944993,16.133313670550066
900,81.63987612446542,18.36012387553458
1000,79.53104261908273,20.468957380917267
1100,77.43695620115028,22.563043798849726
1200,75.23964017106621,24.760359828933787
1300,73.04232414098215,26.957675859017844
1400,20.778646217372067,79.22135378262793
