30,97.2128004719068,2.787199528093202
60,95.44314997787937,4.556850022120631
100,93.0393747234921,6.96062527650789
200,92.55272083763457,7.447279162365433
300,89.69178587229023,10.308214127709778
400,86.87509216929656,13.124907830703435
500,81.65462321191565,18.34537678808435
600,78.7346998967704,21.265300103229613
700,75.80002949417491,24.1999705058251
800,72.99808287863146,27.00191712136853
900,70.19613626308804,29.80386373691196
1000,67.4384309098953,32.561569090104705
1100,34.655655508037164,65.34434449196283
1200,28.815808877746647,71.18419112225337
1300,22.975962247456128,77.02403775254388
1400,20.778646217372067,79.22135378262793
