30,97.06532959740451,2.9346704025954873
60,95.28093201592685,4.7190679840731455
100,92.93614511134051,7.06385488865949
200,87.02256304379885,12.97743695620115
300,82.3034950597257,17.696504940274295
400,77.95310426190827,22.046895738091727
500,73.57321928919038,26.426780710809616
600,69.1933343164725,30.806665683527502
700,64.79870225630438,35.20129774369562
800,60.46305854593717,39.53694145406283
900,56.0389323108686,43.9610676891314
1000,51.73278277540185,48.26721722459814
1100,47.44138032738534,52.55861967261466
1200,43.06149535466745,56.93850464533254
1300,38.68161038194957,61.31838961805044
1400,20.778646217372067,79.22135378262793
