30,96.85887037310131,3.1411296268986875
60,95.17770240377526,4.822297596224746
100,92.80342132428845,7.196578675711547
200,86.94882760654771,13.051172393452292
300,81.15322223860787,18.846777761392126
400,75.35761687066804,24.642383129331957
500,69.51777024037753,30.482229759622477
600,63.67792361008701,36.32207638991299
700,57.823329892346266,42.17667010765374
800,52.07196578675711,47.92803421324289
900,46.2321191564666,53.7678808435334
1000,40.51024922577791,59.489750774222095
1100,34.74413803273853,65.25586196726147
1200,28.904291402448017,71.09570859755199
1300,23.049697684707272,76.95030231529273
1400,20.778646217372067,79.22135378262793
