30,97.66996018286387,2.330039817136116
60,96.81462911075063,3.1853708892493735
100,95.62011502728211,4.379884972717888
200,92.67069753723639,7.329302462763604
300,89.67703878484,10.322961215160007
400,86.86034508184633,13.139654918153665
500,72.26072850612005,27.739271493879958
600,78.7346998967704,21.265300103229613
700,75.80002949417491,24.1999705058251
800,72.99808287863146,27.00191712136853
900,70.19613626308804,29.80386373691196
1000,67.4384309098953,32.561569090104705
1100,34.655655508037164,65.34434449196283
1200,28.815808877746647,71.18419112225337
1300,22.975962247456128,77.02403775254388
1400,20.778646217372067,79.22135378262793
