30,97.64046600796343,2.3595339920365728
60,96.74089367349949,3.259106326500516
100,95.54637959003097,4.453620409969031
200,92.59696209998526,7.4030379000147475
300,89.75077422209114,10.249225777908864
400,86.93408051909748,13.065919480902522
500,72.26072850612005,27.739271493879958
600,78.7346998967704,21.265300103229613
700,75.80002949417491,24.1999705058251
800,72.99808287863146,27.00191712136853
900,70.19613626308804,29.80386373691196
1000,67.4384309098953,32.561569090104705
1100,34.655655508037164,65.34434449196283
1200,28.815808877746647,71.18419112225337
1300,22.975962247456128,77.02403775254388
1400,20.778646217372067,79.22135378262793
