30,97.03583542250406,2.9641645774959446
60,95.2514378410264,4.748562158973603
100,92.8771567615396,7.122843238460404
200,86.96357469399794,13.036425306002064
300,81.21221058840878,18.78778941159121
400,75.40185813301873,24.598141866981273
500,69.56201150272821,30.43798849727179
600,63.722164872437695,36.277835127562305
700,57.867571154696954,42.13242884530305
800,52.05721869930689,47.94278130069311
900,46.202624981566146,53.797375018433854
1000,40.466007963427224,59.53399203657278
1100,34.74413803273853,65.25586196726147
1200,28.904291402448017,71.09570859755199
1300,23.0644447721575,76.9355552278425
1400,20.778646217372067,79.22135378262793
