30,97.37501843385931,2.6249815661406872
60,96.0772747382392,3.9227252617608026
100,95.57587376493143,4.424126235068574
200,92.6264562748857,7.37354372511429
300,89.75077422209114,10.249225777908864
400,86.90458634419701,13.095413655802979
500,83.95516885415131,16.044831145848697
600,81.00575136410559,18.99424863589441
700,78.04158678660964,21.958413213390354
800,75.15115764636484,24.848842353635156
900,72.73263530452736,27.267364695472647
1000,71.36115617165609,28.6388438283439
1100,69.98967703878483,30.01032296121516
1200,68.52971538121221,31.47028461878779
1300,67.06975372363958,32.93024627636042
1400,20.778646217372067,79.22135378262793
