30,96.88836454800177,3.11163545199823
60,95.17770240377526,4.822297596224746
100,92.80342132428845,7.196578675711547
200,86.94882760654771,13.051172393452292
300,81.13847515115765,18.861524848842354
400,75.31337560831736,24.686624391682642
500,69.47352897802685,30.526471021973162
600,63.63368234773632,36.36631765226368
700,57.77908862999558,42.22091137000442
800,52.02772452440642,47.97227547559357
900,46.187877894115914,53.812122105884086
1000,40.466007963427224,59.53399203657278
1100,34.72939094528831,65.2706090547117
1200,28.88954431499779,71.11045568500222
1300,23.049697684707272,76.95030231529273
1400,20.778646217372067,79.22135378262793
