30,97.59622474561273,2.4037752543872584
60,96.65241114879811,3.347588851201887
100,95.4578970653296,4.542102934670403
200,92.50847957528389,7.491520424716118
300,89.6327975224893,10.367202477510691
400,86.81610381949565,13.183896180504352
500,81.65462321191565,18.34537678808435
600,78.7346998967704,21.265300103229613
700,75.80002949417491,24.1999705058251
800,72.99808287863146,27.00191712136853
900,70.19613626308804,29.80386373691196
1000,67.4384309098953,32.561569090104705
1100,34.655655508037164,65.34434449196283
1200,28.815808877746647,71.18419112225337
1300,22.975962247456128,77.02403775254388
1400,20.778646217372067,79.22135378262793
