30,97.06532959740451,2.9346704025954873
60,95.28093201592685,4.7190679840731455
100,92.90665093644004,7.0933490635599465
200,87.00781595634862,12.992184043651378
300,81.22695767585901,18.77304232414098
400,75.44609939536942,24.553900604630584
500,69.56201150272821,30.43798849727179
600,63.722164872437695,36.277835127562305
700,58.221501253502424,41.77849874649757
800,52.470137147913285,47.529862852086715
900,46.63029051762277,53.369709482377225
1000,41.02639728653591,58.97360271346409
1100,35.42250405544905,64.57749594455096
1200,29.58265742515853,70.41734257484147
1300,23.742810794868014,76.25718920513198
1400,20.778646217372067,79.22135378262793
