30,97.06532959740451,2.9346704025954873
60,95.28093201592685,4.7190679840731455
100,92.90665093644004,7.0933490635599465
200,86.94882760654771,13.051172393452292
300,81.1679693260581,18.832030673941897
400,75.37236395811827,24.62763604188173
500,69.53251732782776,30.467482672172245
600,63.69267069753724,36.30732930246276
700,58.19200707860198,41.807992921398025
800,52.470137147913285,47.529862852086715
900,46.63029051762277,53.369709482377225
1000,40.996903111635454,59.003096888364546
1100,35.39300988054859,64.60699011945141
1200,29.553163250258073,70.44683674974192
1300,23.742810794868014,76.25718920513198
1400,20.778646217372067,79.22135378262793
