30,97.08007668485475,2.9199233151452586
60,95.31042619082731,4.689573809172688
100,92.90665093644004,7.0933490635599465
200,86.96357469399794,13.036425306002064
300,81.1679693260581,18.832030673941897
400,75.37236395811827,24.62763604188173
500,69.5030231529273,30.496976847072705
600,63.63368234773632,36.36631765226368
700,57.77908862999558,42.22091137000442
800,52.02772452440642,47.97227547559357
900,46.187877894115914,53.812122105884086
1000,40.466007963427224,59.53399203657278
1100,34.72939094528831,65.2706090547117
1200,28.88954431499779,71.11045568500222
1300,23.049697684707272,76.95030231529273
1400,20.778646217372067,79.22135378262793
