100.00
99.80
67.43
99.80
100.00
67.43
99.80
73.36
94.08
99.80
67.43
99.80
99.61
67.83
99.80
67.43
100.00
99.80
67.43
99.80
89.08
78.36
99.80
67.43
100.00
99.80
67.43
99.80
78.62
88.82
99.80
67.43
99.80
100.00
47.83
49.28
49.14
49.41
49.47
49.14
49.54
49.28
49.47
49.01
49.08
48.95
49.34
49.41
49.41
49.28
49.41
49.54
49.41
49.41
49.34
49.41
49.14
49.01
49.34
49.21
49.21
48.88
48.95
49.21
49.47
49.28
49.47
49.21
48.88
49.34
49.28
49.21
49.08
49.28
49.47
48.75
49.47
49.67
49.14
49.34
49.08
49.08
49.34
48.95
49.28
49.21
49.34
49.14
49.21
49.28
49.21
49.47
49.41
49.67
48.95
49.21
49.21
49.08
48.88
48.95
