100.0
99.80263157894737
99.80263157894737
99.80263157894737
100.0
99.80263157894737
99.80263157894737
99.80263157894737
100.0
99.80263157894737
99.80263157894737
99.80263157894737
100.0
99.80263157894737
99.80263157894737
99.80263157894737
100.0
99.80263157894737
99.80263157894737
99.80263157894737
100.0
99.80263157894737
99.80263157894737
99.80263157894737
100.0
99.80263157894737
99.80263157894737
99.80263157894737
99.80263157894737
100.0
99.80263157894737
99.80263157894737
99.80263157894737
100.0
65.72368421052632
48.223684210526315
48.81578947368421
48.55263157894737
48.88157894736842
48.68421052631579
49.01315789473684
48.1578947368421
48.28947368421053
47.43421052631579
48.026315789473685
48.75
48.223684210526315
48.94736842105264
48.1578947368421
47.96052631578947
48.0921052631579
48.421052631578945
48.0921052631579
48.48684210526316
47.76315789473684
47.828947368421055
48.1578947368421
48.1578947368421
47.89473684210526
48.0921052631579
48.28947368421053
47.368421052631575
47.43421052631579
48.55263157894737
48.1578947368421
48.68421052631579
48.48684210526316
48.55263157894737
47.56578947368421
47.89473684210526
48.0921052631579
47.63157894736842
47.69736842105263
48.0921052631579
47.828947368421055
47.368421052631575
48.81578947368421
48.48684210526316
48.026315789473685
48.223684210526315
48.026315789473685
47.76315789473684
47.69736842105263
48.618421052631575
48.618421052631575
48.223684210526315
48.0921052631579
48.0921052631579
48.75
47.89473684210526
48.0921052631579
48.55263157894737
48.48684210526316
48.68421052631579
47.56578947368421
48.35526315789473
48.48684210526316
48.55263157894737
47.96052631578947
48.28947368421053
