100.00
99.93
99.93
99.93
100.00
99.93
99.93
99.93
100.00
99.93
99.93
99.93
100.00
99.93
99.93
99.93
100.00
99.93
99.93
99.93
100.00
99.93
99.93
99.93
100.00
99.93
99.93
99.93
99.93
100.00
99.93
99.93
99.93
100.00
66.64
49.01
49.47
49.28
49.41
49.34
49.61
49.08
49.41
48.95
49.34
49.61
49.08
49.47
49.08
49.28
49.08
49.28
49.14
49.34
49.01
49.34
48.95
49.01
48.75
49.47
49.61
48.88
48.95
49.47
49.14
49.61
49.34
49.54
48.88
48.95
49.21
48.75
48.95
48.82
48.62
48.75
49.61
49.34
49.08
49.28
48.88
49.08
48.95
49.34
49.74
49.34
49.01
48.88
49.47
49.34
49.01
49.47
49.54
49.34
49.08
49.21
49.41
49.34
48.88
49.47
