60,89.59283162610772,10.407168373892278
80,86.61521963671291,13.384780363287083
100,83.8422115643976,16.157788435602395
120,81.21788672442945,18.782113275570556
140,78.76856073315307,21.23143926684693
160,76.54883849448359,23.45116150551641
180,74.51332557022651,25.486674429773487
200,72.6186011934132,27.381398806586798
250,68.67652186498773,31.323478135012266
300,65.45614831481372,34.54385168518628
350,63.126558377905404,36.873441622094596
400,61.25880750784535,38.74119249215466
450,59.75355425293255,40.246445747067455
