100.0
99.9342105263158
99.9342105263158
99.9342105263158
100.0
87.03947368421052
93.61842105263159
93.35526315789474
100.0
93.61842105263159
93.35526315789474
93.61842105263159
99.86842105263159
93.48684210526315
93.61842105263159
93.35526315789474
100.0
93.61842105263159
93.35526315789474
93.48684210526315
100.0
93.61842105263159
93.42105263157895
93.61842105263159
99.86842105263159
93.48684210526315
93.61842105263159
93.42105263157895
94.80263157894737
98.68421052631578
93.48684210526315
93.61842105263159
93.35526315789474
100.0
82.17105263157895
78.15789473684211
77.10526315789473
78.55263157894737
79.67105263157895
77.82894736842105
77.03947368421052
78.15789473684211
77.17105263157895
77.96052631578947
77.4342105263158
77.5657894736842
77.30263157894737
78.35526315789474
77.36842105263158
77.4342105263158
77.69736842105263
76.57894736842105
77.10526315789473
77.96052631578947
76.84210526315789
77.96052631578947
77.36842105263158
78.22368421052632
78.02631578947368
78.55263157894737
77.82894736842105
77.89473684210526
78.42105263157895
78.22368421052632
77.63157894736842
77.5657894736842
77.30263157894737
77.03947368421052
77.89473684210526
77.82894736842105
78.02631578947368
77.5657894736842
77.17105263157895
77.23684210526316
79.14473684210527
77.69736842105263
77.69736842105263
77.5657894736842
77.4342105263158
77.10526315789473
78.09210526315789
77.10526315789473
76.57894736842105
78.28947368421053
78.48684210526315
76.57894736842105
79.40789473684211
78.15789473684211
78.94736842105263
76.84210526315789
77.36842105263158
76.97368421052632
76.97368421052632
78.02631578947368
75.98684210526315
76.84210526315789
78.55263157894737
77.5657894736842
79.01315789473684
78.6842105263158
