100.0
99.80263157894737
99.80263157894737
99.80263157894737
100.0
47.69736842105263
74.01315789473685
89.27631578947368
84.21052631578947
74.01315789473685
73.48684210526316
84.27631578947368
89.47368421052632
73.81578947368422
74.01315789473685
78.75
94.73684210526315
73.75
73.75
74.01315789473685
99.73684210526315
73.81578947368422
73.75
74.01315789473685
99.73684210526315
73.75
74.01315789473685
73.48684210526316
94.80263157894737
78.94736842105263
73.75
73.75
89.53947368421052
84.21052631578947
59.73684210526316
50.59210526315789
50.39473684210526
50.98684210526315
50.6578947368421
51.11842105263158
51.18421052631579
50.6578947368421
50.72368421052632
50.72368421052632
50.26315789473684
51.578947368421055
50.85526315789474
51.31578947368421
50.59210526315789
51.24999999999999
50.065789473684205
51.44736842105263
50.6578947368421
51.05263157894737
50.78947368421053
50.6578947368421
50.526315789473685
50.72368421052632
50.85526315789474
50.32894736842105
51.11842105263158
50.526315789473685
50.46052631578948
50.921052631578945
49.80263157894737
50.72368421052632
49.67105263157895
50.98684210526315
50.526315789473685
49.73684210526316
50.78947368421053
50.78947368421053
50.46052631578948
50.526315789473685
49.934210526315795
51.05263157894737
50.78947368421053
51.24999999999999
50.6578947368421
50.32894736842105
50.065789473684205
50.98684210526315
49.934210526315795
50.72368421052632
50.6578947368421
51.11842105263158
51.11842105263158
51.11842105263158
50.921052631578945
51.11842105263158
50.6578947368421
50.72368421052632
50.59210526315789
50.72368421052632
50.78947368421053
50.59210526315789
50.98684210526315
50.526315789473685
50.39473684210526
50.85526315789474
