60,89.66585746146407,10.33414253853593
80,86.70074538983296,13.299254610167038
100,83.84484312603206,16.155156873967936
120,81.23301820382761,18.766981796172395
140,78.78632377418569,21.213676225814304
160,76.55081216570943,23.449187834290562
180,74.48240472102157,25.517595278978426
200,72.62978533035967,27.37021466964033
250,68.66204827599819,31.337951724001815
300,65.64956809494674,34.350431905053256
350,63.35945158255538,36.64054841744463
400,61.513411095979635,38.486588904020365
450,60.04697337517516,39.95302662482484
