100.0
99.9342105263158
99.9342105263158
99.9342105263158
100.0
67.36842105263158
83.75
89.40789473684211
94.07894736842105
83.75
83.48684210526316
84.27631578947368
99.3421052631579
83.6842105263158
83.75
83.48684210526316
100.0
83.75
83.55263157894737
83.75
99.86842105263159
83.61842105263158
83.61842105263158
83.61842105263158
100.0
83.61842105263158
83.61842105263158
83.61842105263158
94.80263157894737
88.81578947368422
83.61842105263158
83.61842105263158
89.53947368421052
94.07894736842105
65.0657894736842
57.23684210526315
57.49999999999999
58.75
58.88157894736842
58.28947368421053
58.94736842105262
58.88157894736842
58.15789473684211
57.43421052631579
58.55263157894737
58.223684210526315
58.42105263157895
58.09210526315789
57.03947368421053
58.223684210526315
57.96052631578947
57.828947368421055
58.42105263157895
57.763157894736835
57.96052631578947
58.75
58.15789473684211
57.631578947368425
58.42105263157895
57.56578947368421
59.4078947368421
57.49999999999999
57.763157894736835
58.28947368421053
57.49999999999999
58.09210526315789
57.49999999999999
58.81578947368421
58.223684210526315
58.28947368421053
58.42105263157895
57.828947368421055
57.49999999999999
57.69736842105263
58.026315789473685
57.43421052631579
57.49999999999999
58.81578947368421
58.75
58.81578947368421
58.223684210526315
58.42105263157895
58.15789473684211
57.96052631578947
58.15789473684211
58.42105263157895
58.42105263157895
57.89473684210527
58.618421052631575
57.828947368421055
58.223684210526315
57.43421052631579
57.96052631578947
59.14473684210526
57.828947368421055
58.15789473684211
58.28947368421053
58.026315789473685
57.828947368421055
57.631578947368425
