100.0
99.86842105263159
99.86842105263159
99.86842105263159
100.0
54.21052631578947
77.23684210526316
89.34210526315789
87.5
77.23684210526316
76.84210526315789
84.27631578947368
92.76315789473685
77.10526315789473
77.23684210526316
78.8157894736842
98.02631578947368
77.03947368421052
77.03947368421052
77.03947368421052
100.0
77.03947368421052
77.03947368421052
77.23684210526316
99.80263157894737
77.03947368421052
77.03947368421052
77.23684210526316
94.60526315789474
82.23684210526315
77.03947368421052
77.23684210526316
89.34210526315789
87.5
60.78947368421053
52.10526315789473
52.03947368421053
52.76315789473684
52.434210526315795
52.30263157894737
52.69736842105262
52.63157894736842
52.76315789473684
52.17105263157895
52.10526315789473
53.223684210526315
52.23684210526316
52.89473684210526
51.64473684210527
52.69736842105262
52.30263157894737
53.0921052631579
53.289473684210535
53.026315789473685
51.90789473684211
52.76315789473684
52.63157894736842
51.973684210526315
52.89473684210526
52.03947368421053
53.0921052631579
51.513157894736835
51.90789473684211
52.56578947368421
51.381578947368425
51.90789473684211
51.18421052631579
52.63157894736842
51.776315789473685
51.973684210526315
52.23684210526316
52.5
51.71052631578947
52.56578947368421
51.776315789473685
52.368421052631575
52.5
53.289473684210535
52.30263157894737
51.973684210526315
52.23684210526316
52.828947368421055
51.513157894736835
52.63157894736842
52.10526315789473
52.434210526315795
52.63157894736842
52.960526315789465
52.434210526315795
52.5
52.69736842105262
52.434210526315795
52.434210526315795
52.56578947368421
52.30263157894737
52.56578947368421
51.90789473684211
51.973684210526315
52.10526315789473
52.434210526315795
