60,89.64414707797975,10.35585292202025
80,86.63232478733693,13.367675212663075
100,83.81326438641851,16.18673561358149
120,81.17380806705219,18.826191932947808
140,78.69948224024841,21.300517759751582
160,76.4613390701377,23.538660929862303
180,74.37187913237413,25.62812086762587
200,72.50083881027098,27.499161189729016
250,68.51139137242518,31.48860862757482
300,65.45417464358788,34.54582535641213
350,63.13971618607772,36.86028381392228
400,61.271307425609045,38.72869257439096
450,59.75750159538424,40.24249840461576
