100.0
99.80263157894737
99.80263157894737
99.80263157894737
96.97368421052632
44.14473684210527
70.72368421052632
89.27631578947368
80.92105263157895
70.72368421052632
70.19736842105263
84.27631578947368
86.18421052631578
70.52631578947368
70.46052631578948
79.01315789473684
91.44736842105263
70.52631578947368
70.46052631578948
73.75
96.71052631578947
70.46052631578948
70.46052631578948
70.72368421052632
99.73684210526315
70.46052631578948
70.46052631578948
70.46052631578948
94.80263157894737
75.6578947368421
70.46052631578948
70.46052631578948
89.53947368421052
80.92105263157895
59.276315789473685
49.53947368421053
49.14473684210526
50.32894736842105
49.53947368421053
50.0
50.13157894736842
49.60526315789473
50.0
49.80263157894737
49.21052631578947
50.32894736842105
49.67105263157895
50.065789473684205
49.473684210526315
50.39473684210526
48.94736842105264
50.32894736842105
48.94736842105264
49.868421052631575
50.13157894736842
49.078947368421055
49.60526315789473
49.60526315789473
49.868421052631575
49.40789473684211
50.0
49.473684210526315
49.34210526315789
49.53947368421053
48.618421052631575
49.60526315789473
48.88157894736842
50.19736842105264
49.40789473684211
48.68421052631579
49.276315789473685
50.26315789473684
49.53947368421053
49.473684210526315
49.01315789473684
49.73684210526316
49.34210526315789
49.868421052631575
49.40789473684211
49.67105263157895
48.75
49.40789473684211
48.75
49.73684210526316
49.67105263157895
50.19736842105264
50.13157894736842
49.67105263157895
49.934210526315795
49.473684210526315
49.53947368421053
49.53947368421053
49.80263157894737
49.80263157894737
49.868421052631575
49.934210526315795
49.934210526315795
49.53947368421053
49.34210526315789
49.73684210526316
