100.0
99.9342105263158
99.9342105263158
99.9342105263158
100.0
84.40789473684211
92.30263157894737
92.03947368421052
100.0
92.30263157894737
92.03947368421052
92.30263157894737
99.86842105263159
92.17105263157895
92.30263157894737
92.03947368421052
100.0
92.17105263157895
92.30263157894737
92.17105263157895
99.86842105263159
92.17105263157895
92.17105263157895
92.30263157894737
99.86842105263159
92.17105263157895
92.30263157894737
92.10526315789474
94.80263157894737
97.36842105263158
92.17105263157895
92.30263157894737
92.03947368421052
100.0
79.34210526315789
74.67105263157895
73.09210526315789
75.72368421052632
75.13157894736841
74.47368421052632
73.88157894736842
74.67105263157895
73.22368421052632
74.3421052631579
73.61842105263158
73.42105263157895
74.3421052631579
75.78947368421053
73.42105263157895
73.68421052631578
75.0
73.68421052631578
74.07894736842105
74.47368421052632
74.01315789473685
74.9342105263158
74.21052631578947
74.21052631578947
75.13157894736841
74.01315789473685
74.86842105263159
74.67105263157895
74.67105263157895
74.07894736842105
74.67105263157895
74.80263157894737
73.48684210526316
73.61842105263158
74.67105263157895
74.21052631578947
74.73684210526315
73.48684210526316
73.42105263157895
73.35526315789474
74.60526315789474
74.86842105263159
74.9342105263158
73.48684210526316
73.68421052631578
72.96052631578948
74.27631578947368
74.14473684210526
73.35526315789474
74.73684210526315
74.47368421052632
73.75
75.39473684210526
74.27631578947368
75.46052631578948
73.48684210526316
73.81578947368422
73.55263157894737
73.88157894736842
73.81578947368422
72.82894736842105
73.81578947368422
75.32894736842105
73.48684210526316
75.72368421052632
74.01315789473685
