100.0
99.9342105263158
99.9342105263158
99.9342105263158
100.0
79.21052631578948
89.67105263157895
89.40789473684211
100.0
89.67105263157895
89.40789473684211
89.67105263157895
99.86842105263159
89.60526315789473
89.67105263157895
89.40789473684211
100.0
89.67105263157895
89.40789473684211
89.53947368421052
100.0
89.53947368421052
89.53947368421052
89.67105263157895
99.86842105263159
89.53947368421052
89.53947368421052
89.67105263157895
94.67105263157895
94.73684210526315
89.67105263157895
89.40789473684211
89.67105263157895
99.86842105263159
73.75
68.02631578947368
67.5
69.67105263157895
68.94736842105263
67.5
67.96052631578947
68.48684210526315
68.22368421052632
68.02631578947368
67.89473684210526
67.63157894736842
67.5
69.21052631578948
66.05263157894737
67.03947368421052
68.94736842105263
68.15789473684211
67.43421052631578
67.63157894736842
67.56578947368422
68.0921052631579
68.35526315789474
67.76315789473685
68.6842105263158
68.02631578947368
68.28947368421052
68.8157894736842
67.82894736842105
67.76315789473685
68.48684210526315
68.75
67.76315789473685
67.5
68.6842105263158
68.42105263157895
68.8157894736842
67.10526315789474
66.84210526315789
67.5
68.35526315789474
68.02631578947368
67.89473684210526
67.17105263157895
68.61842105263159
68.22368421052632
68.48684210526315
68.28947368421052
67.03947368421052
67.82894736842105
68.0921052631579
67.56578947368422
69.14473684210526
67.89473684210526
70.46052631578948
68.02631578947368
67.10526315789474
67.43421052631578
67.43421052631578
69.21052631578948
66.77631578947368
68.22368421052632
67.89473684210526
67.89473684210526
68.15789473684211
67.82894736842105
