100.0
99.9342105263158
99.9342105263158
99.9342105263158
100.0
76.57894736842105
88.35526315789474
89.40789473684211
98.68421052631578
88.35526315789474
88.09210526315789
88.35526315789474
99.86842105263159
88.28947368421053
88.35526315789474
88.09210526315789
100.0
88.35526315789474
88.09210526315789
88.22368421052632
100.0
88.22368421052632
88.22368421052632
88.35526315789474
99.86842105263159
88.22368421052632
88.22368421052632
88.35526315789474
94.67105263157895
93.42105263157895
88.35526315789474
88.09210526315789
89.53947368421052
98.68421052631578
71.25
65.52631578947368
64.9342105263158
66.57894736842105
66.38157894736842
65.46052631578947
66.51315789473684
65.78947368421053
64.80263157894737
65.39473684210526
64.86842105263158
65.39473684210526
65.0657894736842
65.92105263157895
63.881578947368425
64.60526315789473
65.65789473684211
65.0
64.01315789473684
65.32894736842105
64.34210526315789
65.72368421052632
65.26315789473685
65.39473684210526
66.25
65.0
65.59210526315789
65.52631578947368
65.0657894736842
65.26315789473685
64.86842105263158
66.77631578947368
64.9342105263158
64.60526315789473
65.78947368421053
64.80263157894737
65.78947368421053
64.21052631578948
65.19736842105263
64.80263157894737
65.52631578947368
65.0
64.9342105263158
64.40789473684211
65.26315789473685
65.92105263157895
65.85526315789474
65.92105263157895
65.0
65.72368421052632
65.85526315789474
64.73684210526316
66.57894736842105
65.65789473684211
66.84210526315789
65.0
64.80263157894737
65.0657894736842
65.19736842105263
66.97368421052632
65.19736842105263
65.39473684210526
65.32894736842105
65.39473684210526
65.39473684210526
64.60526315789473
