100.0
99.9342105263158
99.9342105263158
99.9342105263158
100.0
73.94736842105263
87.03947368421052
89.40789473684211
97.36842105263158
87.03947368421052
86.77631578947368
87.03947368421052
99.86842105263159
86.97368421052632
87.03947368421052
86.77631578947368
100.0
87.03947368421052
86.77631578947368
86.90789473684211
100.0
86.90789473684211
86.90789473684211
87.03947368421052
99.86842105263159
86.90789473684211
86.90789473684211
87.03947368421052
94.67105263157895
92.10526315789474
87.03947368421052
86.77631578947368
89.53947368421052
97.36842105263158
69.34210526315789
62.23684210526316
62.82894736842105
64.34210526315789
64.73684210526316
63.35526315789474
63.81578947368421
63.68421052631579
62.434210526315795
62.76315789473684
63.026315789473685
62.10526315789474
62.10526315789474
63.026315789473685
61.71052631578947
62.434210526315795
63.1578947368421
62.5
62.63157894736842
62.63157894736842
62.434210526315795
63.28947368421053
63.026315789473685
63.35526315789474
63.81578947368421
62.36842105263158
63.61842105263158
62.30263157894736
63.09210526315789
62.89473684210526
62.565789473684205
64.14473684210526
63.026315789473685
63.28947368421053
62.82894736842105
63.026315789473685
63.28947368421053
62.17105263157895
62.69736842105264
62.63157894736842
63.1578947368421
62.30263157894736
62.96052631578948
62.434210526315795
62.96052631578948
63.68421052631579
63.48684210526315
63.55263157894737
62.76315789473684
63.026315789473685
62.76315789473684
63.09210526315789
63.55263157894737
63.35526315789474
64.40789473684211
62.76315789473684
62.69736842105264
62.23684210526316
62.69736842105264
64.14473684210526
63.026315789473685
63.48684210526315
62.96052631578948
63.35526315789474
63.09210526315789
61.44736842105263
