60,89.61651568081788,10.383484319182111
80,86.62837744488523,13.371622555114767
100,83.75800159209479,16.24199840790521
120,81.15209768356787,18.847902316432126
140,78.68764021289334,21.312359787106665
160,76.43502345379306,23.564976546206935
180,74.35148452970705,25.64851547029296
200,72.47518108433498,27.52481891566503
250,68.51468082446826,31.48531917553174
300,65.44759573950172,34.552404260498285
350,63.12721626831402,36.87278373168598
400,61.26275485029704,38.737245149702964
450,59.74829112966362,40.25170887033638
