100.0
99.9342105263158
99.9342105263158
99.9342105263158
100.0
81.77631578947368
90.98684210526315
90.72368421052632
100.0
90.98684210526315
90.72368421052632
90.98684210526315
99.86842105263159
90.85526315789474
90.98684210526315
90.72368421052632
100.0
90.85526315789474
90.98684210526315
90.85526315789474
99.86842105263159
90.85526315789474
90.85526315789474
90.98684210526315
99.86842105263159
90.85526315789474
90.98684210526315
90.78947368421053
94.80263157894737
96.05263157894737
90.85526315789474
90.98684210526315
90.72368421052632
100.0
75.98684210526315
70.85526315789473
69.80263157894737
72.96052631578948
71.38157894736842
70.72368421052632
70.72368421052632
71.11842105263158
70.59210526315789
71.11842105263158
71.05263157894737
70.92105263157895
70.85526315789473
72.03947368421053
69.53947368421053
69.86842105263158
72.17105263157895
70.92105263157895
70.46052631578948
71.3157894736842
70.85526315789473
70.59210526315789
71.51315789473685
71.05263157894737
72.30263157894737
70.78947368421052
71.25
71.1842105263158
71.3157894736842
70.98684210526316
71.05263157894737
71.77631578947368
70.26315789473684
70.32894736842105
71.71052631578947
71.84210526315789
71.64473684210526
69.67105263157895
69.86842105263158
70.13157894736842
71.51315789473685
71.51315789473685
70.72368421052632
70.06578947368422
71.11842105263158
70.78947368421052
71.05263157894737
72.03947368421053
69.73684210526315
71.38157894736842
70.72368421052632
70.0
71.77631578947368
71.05263157894737
72.96052631578948
70.46052631578948
70.65789473684211
70.19736842105263
70.19736842105263
71.25
69.53947368421053
70.85526315789473
71.44736842105263
70.65789473684211
71.77631578947368
71.05263157894737
