100.0
99.9342105263158
99.9342105263158
99.9342105263158
100.0
89.67105263157895
94.93421052631578
94.67105263157895
100.0
94.93421052631578
94.67105263157895
94.93421052631578
99.86842105263159
94.80263157894737
94.93421052631578
94.67105263157895
100.0
94.93421052631578
94.73684210526315
94.93421052631578
99.86842105263159
94.80263157894737
94.93421052631578
94.67105263157895
100.0
94.93421052631578
94.67105263157895
94.80263157894737
94.93421052631578
100.0
94.67105263157895
94.80263157894737
94.93421052631578
99.86842105263159
84.9342105263158
82.63157894736842
81.84210526315789
82.17105263157895
83.02631578947368
81.51315789473685
80.52631578947368
82.36842105263158
80.5921052631579
81.57894736842105
82.56578947368422
81.97368421052632
80.52631578947368
82.82894736842105
81.51315789473685
80.46052631578947
82.30263157894737
80.13157894736842
80.52631578947368
81.84210526315789
81.25
81.84210526315789
81.97368421052632
81.44736842105263
82.23684210526315
81.97368421052632
81.11842105263159
82.30263157894737
82.30263157894737
81.25
81.9078947368421
81.38157894736841
81.3157894736842
81.11842105263159
81.1842105263158
82.30263157894737
82.03947368421053
81.3157894736842
81.38157894736841
81.1842105263158
82.43421052631578
80.52631578947368
82.76315789473684
80.72368421052632
80.98684210526315
81.44736842105263
81.84210526315789
81.64473684210526
80.39473684210526
81.77631578947368
81.77631578947368
81.38157894736841
82.43421052631578
82.23684210526315
82.23684210526315
80.78947368421052
81.38157894736841
81.05263157894737
81.3157894736842
81.9078947368421
80.46052631578947
81.57894736842105
81.77631578947368
81.71052631578948
82.10526315789474
82.30263157894737
