100.0
99.9342105263158
99.9342105263158
99.9342105263158
100.0
92.30263157894737
96.25
95.98684210526316
100.0
96.25
95.98684210526316
96.25
99.86842105263159
96.11842105263158
96.25
95.98684210526316
100.0
96.25
96.05263157894737
96.25
99.86842105263159
96.11842105263158
96.11842105263158
96.25
99.86842105263159
96.11842105263158
96.25
96.05263157894737
96.25
99.86842105263159
96.11842105263158
96.25
95.98684210526316
100.0
88.09210526315789
87.36842105263159
86.38157894736842
85.92105263157895
87.30263157894737
85.0
84.9342105263158
86.51315789473685
84.60526315789474
85.46052631578948
85.52631578947368
84.80263157894737
85.0657894736842
86.44736842105263
86.77631578947368
84.80263157894737
86.31578947368422
84.01315789473685
84.07894736842105
86.64473684210526
85.52631578947368
85.65789473684211
86.90789473684211
85.59210526315789
86.25
85.39473684210527
85.98684210526316
86.11842105263158
86.11842105263158
85.92105263157895
86.31578947368422
85.26315789473684
85.26315789473684
85.65789473684211
84.40789473684211
86.11842105263158
86.18421052631578
85.0657894736842
85.39473684210527
84.86842105263158
86.38157894736842
84.40789473684211
85.85526315789474
86.05263157894737
85.26315789473684
85.85526315789474
84.67105263157895
85.13157894736842
84.53947368421053
86.05263157894737
86.31578947368422
85.0
86.38157894736842
86.44736842105263
85.46052631578948
85.13157894736842
84.73684210526315
85.78947368421052
85.59210526315789
86.31578947368422
84.9342105263158
84.9342105263158
85.92105263157895
85.78947368421052
86.44736842105263
86.38157894736842
