100.0
99.86842105263159
99.86842105263159
99.86842105263159
100.0
60.78947368421053
80.52631578947368
89.34210526315789
90.78947368421053
80.52631578947368
80.13157894736842
84.27631578947368
96.05263157894737
80.32894736842105
80.52631578947368
80.13157894736842
100.0
80.32894736842105
80.32894736842105
80.52631578947368
99.80263157894737
80.32894736842105
80.32894736842105
80.52631578947368
99.80263157894737
80.32894736842105
80.52631578947368
80.13157894736842
94.80263157894737
85.52631578947368
80.52631578947368
80.13157894736842
89.53947368421052
90.78947368421053
62.565789473684205
54.14473684210527
53.94736842105263
55.723684210526315
55.328947368421055
54.868421052631575
55.00000000000001
55.723684210526315
54.736842105263165
54.473684210526315
54.868421052631575
55.13157894736842
54.736842105263165
54.53947368421053
54.34210526315789
55.46052631578947
54.276315789473685
55.00000000000001
55.19736842105263
54.736842105263165
54.671052631578945
55.52631578947368
54.80263157894737
54.34210526315789
55.06578947368421
54.736842105263165
56.25
53.75
53.94736842105263
54.80263157894737
53.026315789473685
54.60526315789473
53.289473684210535
55.06578947368421
54.07894736842105
54.276315789473685
54.736842105263165
54.868421052631575
54.21052631578947
54.60526315789473
54.80263157894737
55.06578947368421
54.80263157894737
55.328947368421055
55.00000000000001
54.473684210526315
54.34210526315789
55.13157894736842
54.40789473684211
55.26315789473685
54.736842105263165
54.60526315789473
54.868421052631575
54.868421052631575
54.671052631578945
54.34210526315789
55.19736842105263
54.21052631578947
53.881578947368425
54.80263157894737
54.473684210526315
55.06578947368421
54.14473684210527
54.736842105263165
54.40789473684211
54.60526315789473
