1600,46.913176557457994,53.086823442542006
53970,33.313955873362154,66.68604412663784
106340,32.25235047666871,67.74764952333129
158710,31.583062037361497,68.4169379626385
211080,31.13907734492884,68.86092265507116
263450,30.11907697919205,69.88092302080796
315820,29.737346619134065,70.26265338086594
368190,29.33212014156979,70.66787985843021
420560,28.272135848482165,71.72786415151784
472930,27.707972024101068,72.29202797589893
525300,27.694400223791376,72.30559977620862
577670,27.816131265899045,72.18386873410095
630040,27.221710135802024,72.77828986419797
682410,26.842006155251312,73.15799384474869
734780,26.43072030872139,73.56927969127861
787150,25.892602874592313,74.10739712540769
839520,25.624557347281414,74.37544265271858
891890,25.52055959705691,74.4794404029431
944260,25.390920732481824,74.60907926751817
996630,25.203208796661713,74.79679120333829
1049000,25.48361029657794,74.51638970342206
1101370,25.4707600850684,74.5292399149316
1153740,25.215604308379376,74.78439569162062
1206110,24.805109244096194,75.19489075590381
1258480,24.225831594024257,75.77416840597574
