0.0
24.36218059605595
19.52948154005832
20.38452033806158
20.533781446152325
25.014580141353232
20.475460880739384
20.19176592695102
21.938417436860576
23.69495378836554
27.22977314288538
19.94069095042752
29.40147284139772
21.191123412247318
25.566154302377303
19.78352196906045
24.90683536796323
23.476498789106902
23.117679039193398
25.821183215538973
25.02248801462957
21.127860426036673
24.750654870755696
18.380862946671282
24.98393713240745
18.390747788266694
18.051697721544013
18.510354371571193
19.754855928433745
25.06202738101122
21.81979933771561
24.853457223347995
27.63604013245688
30.09637720555528
25.720357831265755
29.520090940542676
22.659022389166214
24.27420550585677
21.75060544654772
21.415509316463204
19.93278307715119
19.559136064844562
20.730489793901054
19.413828893391983
16.381159491919142
19.371324074531707
21.592447981021103
19.019423713734987
19.60954875698117
19.822072851282556
19.097513962338752
21.90579745959571
27.249542826076212
18.85928927988929
21.129837394355754
20.74334008797509
25.521672515197945
29.951070034102706
40.4280136410814
24.885088716453318
29.890772500370684
30.16754806504226
22.279444471902337
26.920377600948946
30.74383433005486
23.026738496515595
22.172688182671873
22.41288983344042
21.392774180793754
21.130825878515296
24.33351455542925
24.639944644887066
34.80353877329116
23.132506301586517
25.945732219641183
30.238718924529234
40.86393515543914
37.74131369544803
36.04408639351554
33.65195472742549
42.98522216181485
37.760094894479316
33.880294568279545
36.25858745613601
31.536598626007017
22.00859981218801
35.77620718627984
20.328176740967727
21.16344585578016
20.539712351109575
18.415459892255225
22.046162210250582
27.301932486531904
29.531952750457176
34.142242870558
19.65501902832007
19.577917263875847
13.775515247368162
11.510898037858944
5.90125043246182
12.796915929422232
711
