200,48.131857096024916,51.86814290397509
26414,22.231185578307617,77.76881442169238
52628,17.4326254591462,82.5673745408538
78842,14.66611075566374,85.33388924433626
105056,13.17365023004385,86.82634976995615
131270,13.73128302050649,86.2687169794935
157484,12.497605103295934,87.50239489670406
183698,12.205237348411528,87.79476265158847
209912,11.866525384052942,88.13347461594707
236126,11.289815736493246,88.71018426350675
262340,10.065069163382065,89.93493083661794
288554,8.642886379926619,91.35711362007338
314768,8.225356332847735,91.77464366715226
340982,8.033270697309545,91.96672930269045
367196,8.01954441501857,91.98045558498144
393410,7.97795398546825,92.02204601453174
419624,7.97795398546825,92.02204601453174
