0.0
52.54980243661508
6.4948962792229175
26.57639117550214
5.9392492591373065
9.639446822522226
3.0437108989134014
11.82087586433981
3.7413566019097795
25.32309845242015
12.310668422785644
0.15434639446822523
1.1812644056634836
0.17492591373065525
0.18727362528811328
0.19138952914059928
0.09672374053342114
0.028811326967402042
0.32309845242015145
20.40870925255186
12.703737240698057
3.0210734277247284
2.3296015805070796
2.304906157392163
0.9137306552518933
0.707935462627593
0.04115903852486006
0.09672374053342114
0.05144879815607507
0.16463615409944024
7.842854790912085
0.022637471188673035
1.0536713862364175
7.4250905498847555
0.026753375041159037
0.1337668752057952
6.515475798485347
0.030869278893645047
0.028811326967402042
0.01852156733618703
0.008231807704972012
0.07408626934474812
0.08849193282844912
0.2860553177477774
0.3786631544287125
1.3788277905828121
0.751152453078696
0.39512676983865663
0.7305729338162661
0.4074744813961146
0.028811326967402042
1.9612281857095817
0.05144879815607507
0.00617385577872901
0.03292723081988805
9.231972341126111
28.603473822851498
47.19501152453079
34.583882120513664
60.118949621336846
51.335610800131704
55.34244320052684
58.367632532104054
50.96723740533421
22.80004939084623
16.060256832400395
30.62849851827461
26.144221270991107
12.074003951267699
0.00617385577872901
0.057622653934804084
6.533997365821534
11.71180441224893
0.3251564043463945
2.4757161672703325
0.734688837668752
14.57029963780046
0.014405663483701021
0.0
0.02057951926243003
0.03292723081988805
0.7737899242673691
10.849522555153111
8.295604214685545
0.8643398090220612
2.763829436944353
0.04115903852486006
0.00617385577872901
0.053506750082318075
0.008231807704972012
0.004115903852486006
0.004115903852486006
0.002057951926243003
0.002057951926243003
1.9529963780046098
0.008231807704972012
0.00617385577872901
0.004115903852486006
0.00617385577872901
0.0
0.026753375041159037
