200,45.348097078359785,54.651902921640215
26414,23.530799040436147,76.46920095956385
52628,18.139806815438714,81.8601931845613
78842,14.59863177570555,85.40136822429444
105056,13.351680317149148,86.64831968285085
131270,12.457414054848742,87.54258594515125
157484,12.04504937037111,87.9549506296289
183698,11.800589839134968,88.19941016086503
209912,11.622765543368365,88.37723445663164
236126,11.251723759700747,88.74827624029925
262340,9.92099464716149,90.07900535283852
288554,8.530627204668335,91.46937279533167
314768,8.186708719440757,91.81329128055924
340982,8.034999344554587,91.96500065544542
367196,8.020079472499177,91.97992052750082
393410,7.97795398546825,92.02204601453174
419624,7.97795398546825,92.02204601453174
