200,46.17749791070344,53.82250208929656
26414,23.721073712193817,76.27892628780619
52628,17.3696121512377,82.6303878487623
78842,14.223247794791464,85.77675220520854
105056,12.810737204254693,87.18926279574531
131270,12.467868254854464,87.53213174514553
157484,12.056162102660656,87.94383789733935
183698,11.800713313938186,88.19928668606181
209912,11.622353960690972,88.37764603930903
236126,11.252258817181355,88.74774118281864
262340,9.922085341256574,90.07791465874342
288554,8.533611179079417,91.46638882092059
314768,8.1870174064488,91.8129825935512
340982,8.03483471148363,91.96516528851637
367196,8.01954441501857,91.98045558498144
393410,7.97795398546825,92.02204601453174
419624,7.97795398546825,92.02204601453174
