200,45.58068244935321,54.419317550646795
26414,23.247650737525287,76.75234926247471
52628,17.64302652382827,82.35697347617173
78842,14.941006825892913,85.05899317410709
105056,12.892045362173207,87.1079546378268
131270,12.461673935559734,87.53832606444027
157484,12.045749060922674,87.95425093907733
183698,11.800713313938186,88.19928668606181
209912,11.622353960690972,88.37764603930903
236126,11.252258817181355,88.74774118281864
262340,9.922085341256574,90.07791465874342
288554,8.533611179079417,91.46638882092059
314768,8.1870174064488,91.8129825935512
340982,8.03483471148363,91.96516528851637
367196,8.01954441501857,91.98045558498144
393410,7.97795398546825,92.02204601453174
419624,7.97795398546825,92.02204601453174
