200,47.95063724316984,52.04936275683016
26414,23.730046214560932,76.26995378543907
52628,17.682703093928723,82.31729690607128
78842,14.395598040948773,85.60440195905123
105056,13.640734831480561,86.35926516851944
131270,12.627932758091664,87.37206724190834
157484,12.535038547804609,87.46496145219538
183698,11.958328900244911,88.04167109975509
209912,11.744676332411457,88.25532366758854
236126,11.054431603293567,88.94556839670643
262340,10.348484995033226,89.65151500496677
288554,9.41662065515319,90.58337934484682
314768,8.884794098562939,91.11520590143705
340982,8.459320505810416,91.54067949418958
367196,8.083442625683459,91.91655737431654
393410,7.97795398546825,92.02204601453174
419624,7.97795398546825,92.02204601453174
