200,98.93716408167923,1.0628359183207734
262357,96.74806314719075,3.251936852809255
524514,95.12481101317076,4.875188986829233
786671,93.66373936346048,6.336260636539523
1048828,92.19039720375004,7.809602796249965
1310985,90.91900456588823,9.080995434111767
1573142,89.80759001310533,10.192409986894676
1835299,88.71356392663033,11.28643607336968
2097456,87.80009262661908,12.199907373380922
2359613,87.01494778845557,12.985052211544431
2621770,86.32532415121631,13.674675848783687
2883927,85.77531164997878,14.224688350021228
3146084,85.28386199304964,14.716138006950352
3408241,84.99450868458455,15.005491315415453
3670398,84.80596233519762,15.194037664802387
3932555,84.7704302942741,15.2295697057259
