99.98951232302045
99.99370739381227
99.94546407970634
99.92239119035133
95.46722600943892
99.93287886733088
97.88778185631882
97.20608285264814
98.08914525432617
99.73990561090719
97.61300471945464
93.76822233875197
97.42422653382276
95.86156266386995
92.14053487152596
94.60513896171999
97.4766649187205
96.05034084950184
92.0839014158364
94.97011012060828
87.8049292081804
84.6229680125852
85.14105925537493
92.25380178290509
92.39643418982695
92.78238070267436
92.06712113266912
92.34399580492921
94.49606712113267
94.42475091767174
85.26691137912951
91.91819611955951
95.02254850550604
91.61824855794441
88.12794965915049
87.98112218143682
89.19349764027268
80.05453592029366
76.78867330886209
79.8699528054536
85.83324593602516
87.25537493445202
87.0561090718406
86.07865757734662
88.0
88.63345568956477
86.78552700576823
84.40901940220242
85.18300996329313
86.78342947037231
84.54535920293655
85.29208180388044
85.31095962244363
83.488201363398
77.57315154693235
69.47037231253277
78.20031463030939
83.31620346093341
83.05191400104877
81.93183009963293
84.51809124278972
83.13162034609334
84.02726796014683
82.2884111169376
82.23177766124803
89.0487676979549
81.860513896172
82.74357629785003
83.19874147876246
83.52385946512847
81.48925013109596
80.87886733088621
69.50393287886733
78.95752490823283
83.22391190351337
83.99160985841635
83.44834819087572
85.94022024121657
85.18510749868904
85.82905086523334
83.85527005768222
81.93602517042476
90.17304667016256
80.23072889355008
81.94022024121657
83.41269008914526
83.00157315154694
78.32826428945988
78.09963293130572
74.3303618248558
80.19926586261144
82.69113791295229
81.65285789197692
83.41478762454116
85.89826953329838
83.9979024646041
83.30361824855794
87.45883586785527
84.4488725747247
85.5647614053487
