99.99580492920818
99.99580492920818
99.96853696906135
99.96014682747771
96.50550603041427
99.96014682747771
98.86103828002098
99.77766124803355
99.98112218143682
99.94336654431044
99.90770844257997
97.4766649187205
99.94546407970634
99.28893550078658
99.83429470372313
99.74200314630309
99.97063450445727
99.81961195595176
98.07656004195071
99.9119035133718
94.94074462506555
93.94861038280021
95.53224960671211
99.98531725222864
99.98112218143682
99.9790246460409
99.89931830099633
99.96853696906135
99.976927110645
99.98741478762454
99.93917147351861
99.92658626114316
99.84058730991086
99.58888306240168
98.50865233350812
98.42894598846355
99.77975878342947
94.00104876769795
92.42370214997379
95.32669113791296
99.96853696906135
99.92029365495543
99.93287886733088
99.95385422128999
99.92658626114316
99.96434189826954
99.97273203985317
99.94756161510226
99.9160985841636
97.78290508652333
99.20922915574201
99.88673308862087
99.63922391190351
99.32459360251704
96.39643418982695
90.28211851074987
96.55165180912428
99.9790246460409
99.94336654431044
99.96643943366544
99.97063450445727
99.96224436287362
99.98741478762454
99.94756161510226
99.976927110645
99.94756161510226
97.56685894074462
99.88463555322497
99.8930256948086
99.90351337178815
99.2952281069743
98.18353434714211
89.99685369690613
98.08914525432617
99.94546407970634
99.95385422128999
99.976927110645
99.96014682747771
99.9790246460409
99.9790246460409
99.96434189826954
99.96014682747771
99.976927110645
97.60671211326691
99.88253801782905
99.94126900891452
99.96434189826954
96.1279496591505
95.6811746198217
93.91714735186156
99.30152071316203
99.976927110645
99.98112218143682
99.98112218143682
99.96853696906135
99.95175668589408
99.93917147351861
99.9790246460409
99.95385422128999
99.90980597797588
