99.98951232302045
99.99370739381227
99.94546407970634
99.92239119035133
95.46722600943892
99.93287886733088
97.94231777661247
97.25852123754588
98.09124278972207
99.74619821709491
97.65285789197694
94.17933927635029
98.59884635553226
98.56109071840588
96.41111693759832
97.371788148925
99.95804929208181
98.66177241740954
95.21971683272156
97.85631882538017
92.39014158363923
89.91085474567383
91.00786575773466
98.53172522286313
98.3534347142108
97.84373361300473
97.10540115364446
99.02254850550602
99.87414787624542
99.85527005768222
92.79077084425799
97.54168851599371
97.96958573675931
99.08547456738333
96.29994756161511
95.32669113791296
97.48085998951233
90.53172522286313
86.59465128474044
90.64499213424226
98.90718405873099
98.18563188253802
97.19140010487676
97.03828002097535
99.02674357629785
99.31200839014159
99.19874147876246
98.7372836916623
98.80859989512322
95.00367068694284
97.19349764027268
97.64446775039329
97.31515469323546
96.31672784478238
92.63135815416885
83.29942317776613
91.96643943366544
97.95700052438386
97.05925537493445
98.08495018353435
98.43733613004719
98.53801782905086
98.80650235972732
98.26743576297851
98.37860513896172
99.07498689040378
94.61352910330362
97.91714735186157
98.15207131620346
98.17304667016256
97.09701101206083
95.38751966439433
82.32616675406398
94.83796539066597
98.01573151546933
98.44992134242266
98.18143681174621
98.19192448872575
98.46250655479811
98.64289459884635
98.47509176717357
97.86470896696382
99.17566858940745
94.5652857891977
97.73466177241741
97.92763502884111
97.99475616151022
91.83009963293131
90.8421604614578
88.1929732564237
95.68746722600943
96.35448348190876
97.82905086523334
98.37231253277399
98.46250655479811
98.14997378080756
97.8185631882538
98.87781856318826
98.06187729417934
98.83586785527005
