200,98.92600525890985,1.0739947410901416
262357,96.75204844103695,3.247951558963052
524514,95.12474808747847,4.875251912521541
786671,93.66365546253739,6.336344537462601
1048828,92.19033427805773,7.809665721942273
1310985,90.9189626154267,9.081037384573305
1573142,89.80759001310533,10.192409986894676
1835299,88.71356392663033,11.28643607336968
2097456,87.80009262661908,12.199907373380922
2359613,87.01494778845557,12.985052211544431
2621770,86.32532415121631,13.674675848783687
2883927,85.77531164997878,14.224688350021228
3146084,85.28386199304964,14.716138006950352
3408241,84.99450868458455,15.005491315415453
3670398,84.80596233519762,15.194037664802387
3932555,84.7704302942741,15.2295697057259
