99.98951232302045
99.99370739381227
99.94546407970634
99.92239119035133
95.46722600943892
99.93287886733088
97.88778185631882
97.20608285264814
98.08914525432617
99.73990561090719
97.61300471945464
93.76822233875197
97.42422653382276
95.86156266386995
92.14053487152596
94.60513896171999
97.4766649187205
96.05034084950184
92.18248557944415
94.99737808075511
88.14263240692186
85.55637126376507
86.03670686942843
94.5233350812795
94.55270057682223
94.62401678028317
94.3072889355008
94.31987414787625
95.18405873099108
96.78447823807026
87.52176192973256
93.89617199790247
96.23911903513371
95.45254326166754
93.88987939171474
92.70896696381752
94.28211851074987
86.37441006816991
82.63869952805453
87.48190875721028
94.46460409019403
94.9491347666492
94.60094389092816
94.03251179863659
94.4142632406922
95.5951756685894
95.48190875721028
93.12637650760357
91.39381227058206
93.30047194546408
93.25852123754589
94.89459884635552
94.99947561615102
93.58154168851598
88.8536969061353
79.75249082328264
88.65023597273203
94.02621919244886
94.31777661248033
93.81436811746198
94.3093864708967
94.03670686942843
95.75878342947037
94.57157839538543
94.33455689564761
97.35081279496592
92.16990036706869
94.18982695332984
93.74514944939696
94.91767173571054
92.93550078657577
90.59255374934452
78.68694284216046
89.93183009963293
93.85212375458836
94.79601468274778
95.54902988987939
94.15626638699528
95.03093864708967
95.73361300471946
93.49554273728369
93.41373885684321
98.35762978500262
90.4163607760881
93.84163607760881
94.16465652857892
94.85055060304143
89.10330361824855
88.35448348190876
85.16203460933404
92.08599895123231
93.1746198217095
94.17094913476664
95.21132669113791
95.04562139486103
94.34714210802308
94.46250655479811
95.9790246460409
95.64971158888305
96.11536444677505
