99.98951232302045
99.99370739381227
99.94546407970634
99.92239119035133
95.46722600943892
99.93287886733088
97.88778185631882
97.20608285264814
98.08914525432617
99.73990561090719
97.61300471945464
93.76822233875197
97.42422653382276
95.86156266386995
92.14053487152596
94.60513896171999
97.4766649187205
96.05034084950184
92.0839014158364
94.97011012060828
87.8049292081804
84.6229680125852
85.14105925537493
92.25380178290509
92.39643418982695
92.78238070267436
92.06712113266912
92.34399580492921
94.49606712113267
94.42475091767174
85.26691137912951
91.91819611955951
95.02254850550604
91.61824855794441
88.12794965915049
88.0
89.23335081279497
80.46355532249608
77.36339800734137
81.14105925537494
88.13843733613005
89.54798112218144
88.32931305715785
88.07760880964867
88.63555322496067
88.70686942842161
88.52438384897745
86.15416885159937
87.163083377032
87.85317252228631
87.28474042999476
89.15154693235449
89.7115888830624
88.37126376507604
82.7163083377032
74.51074986890404
83.45254326166754
88.98584163607761
89.73466177241741
87.96643943366544
90.20660723649712
88.46145778710016
89.35710540115365
90.14158363922391
86.66386995280546
91.32669113791295
87.35395909805978
88.07760880964867
88.05243838489774
89.36339800734137
88.33560566334558
85.90036706869428
73.89407446250655
85.14735186156265
88.66701625589933
89.57315154693235
88.06712113266912
90.9092815941269
89.99475616151022
91.64551651809124
89.48715259570005
87.95385422128999
94.79601468274778
85.61510225485056
87.39381227058206
88.73203985317252
88.89564761405349
83.2511798636602
82.5883586785527
79.53224960671211
85.78080755112742
87.71893025694808
89.10120608285264
89.91295228106975
90.395385422129
88.66701625589933
88.77818563188254
91.69375983219716
89.39276350288411
90.26324069218668
