99.98951232302045
99.99370739381227
99.94546407970634
99.92239119035133
95.46722600943892
99.93287886733088
97.88778185631882
97.20608285264814
98.08914525432617
99.73990561090719
97.61300471945464
93.79129522810697
97.43051914001049
96.01678028316728
92.17409543786052
94.98479286837966
97.4787624541164
96.11326691137913
93.81017304667016
97.23125327739905
90.17094913476666
88.08180388044048
88.41321447299423
97.00052438384897
97.0907184058731
97.25432616675407
94.7163083377032
96.51809124278972
97.63607760880964
97.60461457787099
89.9024646040902
95.69166229680125
97.07603565810173
96.65652857891976
94.10802307288935
94.44572627163083
96.98793917147351
88.45097011012061
84.76350288411118
89.40744625065548
96.80964866282119
97.03408495018353
96.35867855270057
94.86103828002098
96.78867330886209
96.88515993707394
96.98793917147351
96.42370214997378
94.84845306764552
93.96539066596749
94.77084425799686
95.44834819087572
96.39643418982695
95.66858940744625
90.74986890403775
81.5605663345569
90.92606187729419
96.07551127425276
96.71945464079707
94.76245411641322
95.84058730991086
96.2370214997378
96.3398007341374
96.43209229155742
96.40901940220242
98.12899842684845
93.30886208704771
95.73990561090719
96.07131620346094
96.71735710540116
95.90351337178815
92.96696381751443
80.15941269008916
93.67173571054012
96.16780283167279
97.87100157315155
95.76927110644992
96.12585212375458
96.24750917671736
96.71735710540116
95.65390665967487
96.52857891976927
98.75406397482958
91.89931830099633
94.64499213424227
96.00209753539592
96.43838489774514
89.99475616151022
89.6927110644992
86.65757734661771
93.604614577871
94.88830624016781
95.97482957524909
95.68327215521762
97.11798636601992
97.32144729942318
96.10487676979548
97.73675930781332
96.6397482957525
97.4787624541164
