99.98951232302045
99.99370739381227
99.94546407970634
99.92239119035133
95.46722600943892
99.93287886733088
97.88778185631882
97.20608285264814
98.08914525432617
99.73990561090719
97.61300471945464
93.76822233875197
97.42422653382276
95.86156266386995
92.14053487152596
94.60513896171999
97.4766649187205
96.05034084950184
92.0839014158364
94.97011012060828
87.8049292081804
84.6229680125852
85.14105925537493
92.25380178290509
92.39643418982695
92.79077084425799
92.07551127425275
92.37755637126376
94.49606712113267
94.4604090194022
86.80859989512322
91.98112218143682
96.06921866806502
94.34923964341898
91.209229155742
90.70791819611956
92.02726796014683
83.1463030938647
80.06292606187729
83.7839538542213
91.92239119035133
92.18248557944415
92.50550603041427
91.78814892501312
93.31095962244362
94.44362873623491
93.16203460933403
90.48977451494494
89.72836916622968
93.02359727320399
92.2160461457787
92.99213424226534
92.84740429994757
91.0582066072365
85.69690613529103
77.21237545883587
85.7556371263765
91.5511274252753
92.534871525957
91.49239643418983
92.58940744625066
93.59412690089145
93.87100157315155
92.80545359202937
93.42003146303094
95.15259570005243
90.99947561615103
91.80492920818038
93.03408495018354
92.71316203460933
90.81069743051914
88.44048243314106
76.52228631358155
87.79024646040902
91.22181436811746
91.81751442055585
93.40954378605139
92.83901415836392
94.06187729417934
93.4556895647614
92.82642894598845
91.38751966439433
97.94022024121657
89.57105401153645
92.21814368117462
93.32564237021501
93.00681699003671
86.80440482433141
85.7766124803356
81.85212375458836
90.07236497115889
91.25327739905612
92.43838489774515
93.21027792343996
93.06345044572628
93.30256948085999
92.71945464079707
93.96748820136341
94.68484530676456
94.62191924488725
