99.98951232302045
99.99370739381227
99.94546407970634
99.92239119035133
95.46722600943892
99.93287886733088
97.88778185631882
97.20608285264814
98.08914525432617
99.73990561090719
97.61300471945464
93.76822233875197
97.42422653382276
95.86156266386995
92.14053487152596
94.60513896171999
97.4766649187205
96.05034084950184
92.0839014158364
94.97011012060828
87.8049292081804
84.6229680125852
85.14105925537493
92.25380178290509
92.39643418982695
92.78238070267436
92.06712113266912
92.34399580492921
94.49606712113267
94.42475091767174
85.26691137912951
91.91819611955951
95.02254850550604
91.61824855794441
88.12794965915049
87.98112218143682
89.19349764027268
80.05453592029366
76.78867330886209
79.8699528054536
85.83324593602516
87.25957000524383
87.0603041426324
86.09334032511798
88.00419507079182
88.63555322496067
86.78972207656004
85.88987939171474
85.40115364446775
87.41059255374934
87.0561090718406
87.96853696906135
88.00839014158363
84.89564761405349
78.86942842160461
72.10277923439958
79.7021499737808
84.3230204509701
87.68327215521762
86.75616151022548
88.02936549554273
87.90351337178815
88.84740429994757
87.56581017304667
85.72836916622968
90.46250655479811
86.3974829575249
87.19035133717881
87.74619821709491
88.07760880964867
85.58573675930782
81.1767173571054
71.56371263765075
80.36497115888831
85.00681699003671
87.72312532773991
86.79391714735186
89.7787100157315
89.91504981646565
90.04090194022024
89.18091242789721
85.62349239643419
92.77189302569481
85.05086523335082
86.26533822758259
87.92029365495543
87.43576297850026
80.7697954902989
78.62191924488727
77.47456738332458
81.14525432616675
84.90823282642894
87.03513371788148
87.12742527530152
89.5605663345569
88.60828526481384
87.31200839014159
91.05191400104877
88.20136339800733
89.30886208704771
