99.99580492920818
99.99580492920818
99.96853696906135
99.96014682747771
96.50550603041427
99.96014682747771
98.84845306764551
99.77556371263765
99.98112218143682
99.94336654431044
99.90770844257997
97.45149449396958
99.94336654431044
99.28474042999476
99.83009963293131
99.744100681699
99.97063450445727
99.81751442055584
98.0744625065548
99.9140010487677
94.87152595700053
93.88987939171474
95.50288411116938
99.98531725222864
99.9790246460409
99.9790246460409
99.89722076560041
99.96434189826954
99.976927110645
99.98741478762454
99.93917147351861
99.92448872574725
99.83848977451495
99.58468799160985
98.50655479811222
98.42265338227583
99.78395385422128
93.93183009963293
92.39643418982695
95.26796014682748
99.96853696906135
99.91819611955952
99.93287886733088
99.95385422128999
99.92658626114316
99.96434189826954
99.97273203985317
99.94756161510226
99.9160985841636
97.72836916622968
99.19244887257473
99.88673308862087
99.64551651809124
99.32039853172522
96.32931305715783
90.13319349764028
96.54116413214473
99.9790246460409
99.94336654431044
99.96434189826954
99.97063450445727
99.96434189826954
99.98741478762454
99.94546407970634
99.976927110645
99.94756161510226
97.54378605138962
99.88463555322497
99.8909281594127
99.90351337178815
99.28054535920293
98.18143681174621
89.93812270582066
98.06397482957524
99.94546407970634
99.95595175668589
99.9790246460409
99.96434189826954
99.9790246460409
99.976927110645
99.96434189826954
99.96224436287362
99.98112218143682
97.5647614053487
99.87834294703724
99.93707393812271
99.96434189826954
96.06292606187729
95.5909805977976
93.83744100681699
99.2742527530152
99.976927110645
99.976927110645
99.98321971683272
99.97273203985317
99.93917147351861
99.93917147351861
99.9790246460409
99.95175668589408
99.9160985841636
