99.98951232302045
99.99370739381227
99.94546407970634
99.92239119035133
95.46722600943892
99.93287886733088
97.88778185631882
97.20608285264814
98.08914525432617
99.73990561090719
97.61300471945464
93.76822233875197
97.42422653382276
95.86156266386995
92.14053487152596
94.60513896171999
97.4766649187205
96.05034084950184
92.0839014158364
94.97011012060828
87.8049292081804
84.6229680125852
85.14105925537493
92.25380178290509
92.39643418982695
92.78238070267436
92.06712113266912
92.34399580492921
94.49606712113267
94.42475091767174
85.26691137912951
91.94126900891453
95.02884111169377
92.7068694284216
89.35500786575773
88.23282642894598
89.31934976402727
80.72994231777662
78.56948085998951
82.7393812270582
88.41740954378605
89.89826953329838
89.18720503408495
88.39433665443104
90.24855794441531
92.98584163607761
92.28736234923964
88.52228631358155
89.45988463555322
92.4069218668065
89.62349239643419
91.5930781331935
91.25327739905612
88.46565285789197
83.53224960671211
75.5532249606712
84.19716832721552
89.06554798112218
89.74305191400104
89.20608285264814
90.71001573151547
90.79601468274777
93.7954902988988
92.34399580492921
91.96014682747771
93.48505506030415
89.52490823282643
89.28788673308861
91.09805977975878
91.64132144729943
88.4929208180388
85.97378080755112
75.14001048767697
86.12270582066073
88.74252753015207
89.64027267960148
89.11379129522811
91.80492920818038
93.03828002097535
93.45149449396959
91.10225485055061
91.2952281069743
97.88568432092292
87.87205034084951
89.91504981646565
90.6533822758259
90.38909281594127
85.18510749868904
82.74986890403775
80.88096486628213
86.66386995280546
88.4278972207656
90.14368117461981
90.51494493969587
91.73361300471944
92.302045097011
91.8699528054536
91.9349764027268
94.32406921866806
93.45988463555322
