99.99580492920818
99.99580492920818
99.96853696906135
99.96014682747771
96.50550603041427
99.96014682747771
98.84845306764551
99.79024646040901
99.9790246460409
99.94126900891452
99.9119035133718
97.4577871001573
99.94336654431044
99.28474042999476
99.82590456213948
99.74619821709491
99.96643943366544
99.82170949134766
98.00524383848978
99.92448872574725
94.92186680650236
94.07026743576297
95.72732039853172
99.98741478762454
99.98112218143682
99.98112218143682
99.91819611955952
99.96853696906135
99.9790246460409
99.98741478762454
99.95175668589408
99.95595175668589
99.87834294703724
99.67278447823807
98.5233350812795
98.46460409019402
99.81541688515993
94.19192448872575
92.7047718930257
95.5301520713162
99.97063450445727
99.92239119035133
99.93497640272679
99.95804929208181
99.93287886733088
99.96643943366544
99.97063450445727
99.96853696906135
99.95385422128999
97.98426848453067
99.1882538017829
99.88673308862087
99.66649187205034
99.32878867330886
96.52438384897745
90.49816465652857
96.7299423177766
99.976927110645
99.94336654431044
99.96224436287362
99.97063450445727
99.96434189826954
99.98741478762454
99.96853696906135
99.98531725222864
99.97273203985317
97.86470896696382
99.90141583639223
99.9119035133718
99.90561090718406
99.33298374410067
98.28211851074987
90.37860513896172
98.15626638699528
99.95175668589408
99.94965915049816
99.9790246460409
99.96014682747771
99.98951232302045
99.9790246460409
99.96853696906135
99.98531725222864
99.98321971683272
97.88358678552702
99.88673308862087
99.94126900891452
99.96224436287362
96.24960671211326
95.86785527005767
94.2024121657053
99.32039853172522
99.97273203985317
99.98112218143682
99.98321971683272
99.97273203985317
99.94546407970634
99.94546407970634
99.98112218143682
99.96853696906135
99.93917147351861
