99.98951232302045
99.99370739381227
99.94546407970634
99.92239119035133
95.46722600943892
99.93287886733088
97.88778185631882
97.20608285264814
98.08914525432617
99.73990561090719
97.61300471945464
93.76822233875197
97.42422653382276
95.86156266386995
92.14053487152596
94.60513896171999
97.4766649187205
96.05034084950184
92.0839014158364
94.97011012060828
87.8049292081804
84.6229680125852
85.14105925537493
92.25380178290509
92.39643418982695
92.78238070267436
92.06712113266912
92.34399580492921
94.49606712113267
94.42475091767174
85.26691137912951
91.91819611955951
95.02254850550604
91.61824855794441
88.12794965915049
87.98112218143682
89.19349764027268
80.05453592029366
76.78867330886209
79.8699528054536
85.83324593602516
87.25537493445202
87.0561090718406
86.07865757734662
88.0
88.63345568956477
86.78552700576823
84.40901940220242
85.18300996329313
86.78342947037231
84.54535920293655
85.29208180388044
85.31095962244363
83.488201363398
77.56266386995281
69.29627687467226
77.39905610907184
81.87519664394337
82.96591504981646
81.8814892501311
83.38332459360251
83.10435238594651
83.88253801782906
81.44520188778186
81.22915574200314
88.26009438909281
81.55427372836917
80.79706345044573
82.8442579968537
82.3534347142108
78.77084425799686
76.28526481384374
66.77084425799686
76.09438909281594
80.24541164132145
82.78552700576822
80.82013633980073
83.89722076560042
85.14525432616675
85.18510749868904
83.08757210277923
79.8909281594127
89.85002621919244
79.11274252753016
80.14892501310959
82.42894598846355
81.41793392763503
76.94808599895123
74.0534871525957
72.0859989512323
77.48085998951233
75.83639223911904
79.26166754063975
80.79916098584164
85.13686418458312
83.95595175668589
82.71421080230729
86.418458311484
81.94441531200839
85.1326691137913
