99.98951232302045
99.99370739381227
99.94546407970634
99.92239119035133
95.46722600943892
99.93287886733088
97.88778185631882
97.20608285264814
98.08914525432617
99.73990561090719
97.61300471945464
93.76822233875197
97.42422653382276
95.86156266386995
92.14053487152596
94.60513896171999
97.4766649187205
96.05034084950184
92.0839014158364
94.97011012060828
87.8049292081804
84.6229680125852
85.14105925537493
92.25380178290509
92.39643418982695
92.78238070267436
92.06712113266912
92.34399580492921
94.49606712113267
94.42475091767174
85.26691137912951
91.91819611955951
95.02254850550604
91.61824855794441
88.12794965915049
87.98112218143682
89.19349764027268
80.05453592029366
76.78867330886209
79.8699528054536
85.83324593602516
87.25537493445202
87.0561090718406
86.07865757734662
88.0
88.63345568956477
86.78552700576823
84.40901940220242
85.3696906135291
86.79601468274777
84.63765076035659
85.29627687467226
85.34242265338227
83.59937073938123
78.38280020975354
70.3974829575249
79.59727320398532
83.71473518615626
84.9837441006817
83.77346617724174
85.31725222863136
85.0277923439958
86.08495018353435
82.77923439958049
84.98164656528579
90.46040901940219
85.46617724174097
84.8977451494494
85.35500786575774
85.70110120608285
83.64551651809124
81.01940220241217
70.29889879391715
80.33141059255375
83.96853696906136
85.99265862611432
85.48295752490823
87.0162558993183
87.29103303618248
87.05401153644468
86.38909281594127
84.01258521237546
92.4929208180388
82.98269533298375
83.80283167278448
85.57105401153645
85.01730466701626
79.68956476140535
78.24855794441531
76.59360251704248
81.12218143681174
83.64551651809124
83.51546932354483
85.35081279496592
87.06869428421604
85.95909805977976
84.06082852648137
89.68641845831148
88.18248557944416
88.16570529627687
