99.98951232302045
99.99370739381227
99.94546407970634
99.92239119035133
95.46722600943892
99.93287886733088
97.88778185631882
97.20608285264814
98.08914525432617
99.73990561090719
97.61300471945464
93.76822233875197
97.42422653382276
95.86156266386995
92.14053487152596
94.60513896171999
97.4766649187205
96.05034084950184
92.0839014158364
94.97011012060828
87.8049292081804
84.6229680125852
85.14105925537493
92.25380178290509
92.39643418982695
92.78238070267436
92.06712113266912
92.34399580492921
94.49606712113267
94.42475091767174
85.26691137912951
91.91819611955951
95.02254850550604
91.61824855794441
88.12794965915049
87.98112218143682
89.19349764027268
80.05453592029366
76.78867330886209
79.8699528054536
85.83324593602516
87.25537493445202
87.0561090718406
86.07865757734662
88.0
88.63345568956477
86.78552700576823
84.40901940220242
85.18300996329313
86.78342947037231
84.54535920293655
85.29208180388044
85.31095962244363
83.488201363398
77.56266386995281
69.29627687467226
77.39905610907184
81.87519664394337
82.96591504981646
81.8814892501311
83.38332459360251
83.10435238594651
83.88253801782906
80.77399056109071
81.22705820660724
88.255899318301
80.22443628736234
80.26009438909281
80.76560041950708
80.67540639748296
78.6303093864709
76.19926586261143
65.18300996329313
73.93812270582066
77.95909805977976
80.59360251704247
78.53592029365495
79.55951756685894
80.99842684845306
81.24593602517042
78.34294703723126
75.81751442055584
86.57157839538542
72.76140534871526
75.03932878867332
76.7467226009439
75.79653906659675
71.43995804929209
70.13319349764028
66.76245411641321
69.1326691137913
69.40325117986366
73.17042475091768
76.16570529627687
76.42160461457787
77.3906659674882
72.82013633980074
76.33560566334558
75.7629785002622
75.6581017304667
