200,77.66056603222867,22.33943396777132
78843,69.21111991302999,30.788880086970018
157486,61.894424425341946,38.105575574658054
236129,57.014405048603145,42.98559495139685
314772,52.731203564828355,47.26879643517165
393415,48.42690478616714,51.573095213832865
472058,44.18508882114768,55.81491117885232
550701,39.822147755826464,60.177852244173536
629344,35.74580217599138,64.25419782400861
707987,31.670470495279478,68.32952950472053
786630,27.633042255526135,72.36695774447386
865273,23.542635226235202,76.45736477376481
943916,19.482962654203558,80.51703734579644
1022559,15.461818248852834,84.53818175114716
1101202,11.412591910211551,88.58740808978844
1179845,11.37892841104085,88.62107158895915
1258488,11.37892841104085,88.62107158895915
