200,77.66056603222867,22.33943396777132
78843,69.20441179256854,30.795588207431475
157486,61.894424425341946,38.105575574658054
236129,57.014405048603145,42.98559495139685
314772,52.731203564828355,47.26879643517165
393415,48.42690478616714,51.573095213832865
472058,44.18615392729729,55.81384607270271
550701,39.822147755826464,60.177852244173536
629344,35.74576121037024,64.25423878962975
707987,31.67042952965834,68.32957047034166
786630,27.63301153131028,72.36698846868973
865273,23.542635226235202,76.45736477376481
943916,19.482962654203558,80.51703734579644
1022559,15.461818248852834,84.53818175114716
1101202,11.412622634427406,88.58737736557259
1179845,11.37892841104085,88.62107158895915
1258488,11.37892841104085,88.62107158895915
