200,74.09442678086516,25.905573219134837
78843,66.25060616317529,33.749393836824716
157486,62.00918961296193,37.99081038703807
236129,57.87612713066036,42.12387286933964
314772,53.369775667137944,46.630224332862056
393415,48.72625082123269,51.27374917876731
472058,44.8317925992533,55.1682074007467
550701,40.30209073168184,59.69790926831816
629344,35.82980218213622,64.17019781786377
707987,31.857161072213685,68.14283892778631
786630,27.712095662918486,72.28790433708153
865273,23.73479471359142,76.26520528640857
943916,20.128109738705906,79.8718902612941
1022559,15.560391774717761,84.43960822528224
1101202,11.412591910211551,88.58740808978844
1179845,11.37892841104085,88.62107158895915
1258488,11.37892841104085,88.62107158895915
