0.0
74.88068658978719
76.36365498453534
84.74529403330534
78.47647528727391
75.11931341021281
78.26140390405769
56.132606869994476
80.4090452878884
70.85782757419963
80.47766330062883
81.66874910386923
81.18330226746687
85.36080784908134
85.09657729255852
5.296900923782799
10.840621863542328
1.0569222260912312
0.24374756764507077
1.0251735933307389
1.204399746010938
0.003072448331660556
0.0
0.0
0.0
0.0
0.0
0.006144896663321112
0.0
0.0
0.0
0.0
0.0
0.001024149443886852
0.03482108109215297
1.930521701726716
0.08602855328649556
0.008193195551094816
0.0
0.0
0.0
0.0
0.0
0.004096597775547408
0.0
0.0
0.0
0.0
0.019458839433850187
0.014338092214415926
0.02662788554105815
12.403473914913663
8.398025439872187
0.9596280289219803
0.01024149443886852
0.0
0.0
0.0
0.0
0.0
0.19049179656295448
0.0
0.0
0.0
0.0
0.0
0.0
0.02048298887773704
4.501136805882714
0.003072448331660556
0.3645972020237193
0.0
0.0
0.0
0.0
0.0
0.0
0.19049179656295448
0.0
0.0
0.0
0.0
0.0
0.0
0.001024149443886852
0.0
0.019458839433850187
0.002048298887773704
0.0
0.0
0.0
0.0
0.0
0.002048298887773704
0.0
0.0
0.0
0.0
0.0
0.0
0.0
