200,74.04908807966994,25.95091192033006
78843,68.71663414167038,31.283365858329613
157486,66.44590976195389,33.5540902380461
236129,61.761992813605914,38.23800718639409
314772,52.60452762286229,47.39547237713771
393415,48.31487405375816,51.68512594624184
472058,44.129406300614946,55.870593699385054
550701,39.79110605640864,60.20889394359137
629344,35.748843873360926,64.25115612663907
707987,31.673071812221785,68.32692818777821
786630,27.641972760934365,72.35802723906563
865273,23.562124620491925,76.43787537950809
943916,19.508269166661975,80.49173083333802
1022559,15.567407137337758,84.43259286266225
1101202,11.412591910211551,88.58740808978844
1179845,11.37892841104085,88.62107158895915
1258488,11.37892841104085,88.62107158895915
