53.07739254947067
32.4182530926504
32.6658998615056
44.572897349827464
47.73831600197179
47.271190817116974
50.29694138635244
52.930682378347925
50.67134574305767
52.29454707635971
49.811037299593906
49.84742142203235
48.96481303255792
49.00589188047229
49.64672190793643
48.11624140278397
45.8709889439215
43.01190112908147
23.310485669350484
29.72934907631276
6.993967277763432
2.3990047181991034
34.329006361353024
1.8544165629914793
36.23154386047276
52.531630712894064
52.02694772423182
51.16898664350602
49.71831647144433
49.65611135888829
48.38970916175677
48.0235205746344
48.38853548038779
8.90824159057299
0.1948311072510035
32.37130583789113
27.604985798455434
29.316213234431114
9.043214948005915
0.23708363653435366
0.6948193704373137
0.5903617285979202
0.5797985962770826
0.755850801624375
1.3896387408746274
1.2253233492171545
1.1478603788643458
17.69559400014084
1.8685007394192623
2.0316424497077534
1.9131006314405765
30.576747024717733
0.7171193164479707
0.8391821788220933
1.09621839862914
0.7640665712072486
2.2804628999319263
0.5152461209830755
0.4682988662237975
0.9765028989929814
0.8743926198915518
0.206567920940823
0.5011619445552921
1.004671251848548
1.0668763644045915
0.9354240510786132
0.9342503697096312
0.8685242130466422
0.8544400366188587
2.267552404873125
14.372902044552946
0.160794347550527
0.1467101711227436
0.07981033309077251
0.8567873993568226
0.2359099551653717
0.3708833125982958
0.33215182742189153
0.23004154832046197
0.298115067721415
0.3227623764700359
0.5809722776460646
0.43543578789230303
0.42252529283350154
0.4741672730687073
0.4553883711649961
0.4084411164057182
0.1255839064810685
0.31924133236309005
0.25351517570010096
0.2359099551653717
0.2816835285556677
0.17605220534729232
0.08450505856670032
0.13849440153986997
0.06572615666298913
0.13497335743292413
0.1032839604704115
1.029318560597169
0.08802610267364616
