200,70.1252969105807,29.87470308941929
78843,48.15946542363468,51.840534576365314
157486,46.76083144117268,53.23916855882732
236129,44.90532076436327,55.09467923563673
314772,42.016365262864596,57.983634737135404
393415,40.13020991657279,59.86979008342721
472058,38.71928755075267,61.28071244924733
550701,36.58578007526077,63.41421992473922
629344,32.85741179651939,67.1425882034806
707987,29.31505936098998,70.68494063901002
786630,26.101218721252284,73.89878127874772
865273,24.46159393125219,75.5384060687478
943916,21.836316386318604,78.1636836136814
1022559,20.226080432926672,79.77391956707332
1101202,18.122513421567135,81.87748657843287
1179845,17.261141174159135,82.73885882584086
1258488,16.396142269198457,83.60385773080155
1337131,16.015941800714113,83.9840581992859
1415774,15.914935280007306,84.0850647199927
1494417,15.914935280007306,84.0850647199927
