200,77.9163314844813,22.08366851551869
78843,48.32991832861085,51.67008167138915
157486,47.69425563264518,52.30574436735482
236129,46.88728324852745,53.112716751472554
314772,43.73988438356563,56.26011561643437
393415,40.72437144390969,59.27562855609031
472058,37.787870344527775,62.212129655472225
550701,35.165573935576006,64.834426064424
629344,32.47493439740327,67.52506560259674
707987,28.922828717775857,71.07717128222414
786630,25.68349584436686,74.31650415563314
865273,23.15039877975297,76.84960122024704
943916,21.15596012413732,78.84403987586268
1022559,19.45258127644731,80.54741872355268
1101202,18.00104973544179,81.99895026455822
1179845,17.277044478314114,82.72295552168588
1258488,16.413735666193517,83.58626433380648
1337131,16.015941800714113,83.9840581992859
1415774,15.914935280007306,84.0850647199927
1494417,15.914935280007306,84.0850647199927
