200,69.95786035185385,30.042139648146144
78843,48.56225914709934,51.43774085290066
157486,47.693093693817616,52.30690630618239
236129,47.03584710387334,52.96415289612666
314772,43.51625223790592,56.48374776209408
393415,40.921936254862246,59.078063745137754
472058,37.67885935634222,62.32114064365777
550701,35.12776984503492,64.87223015496508
629344,31.741492788585113,68.2585072114149
707987,28.4205894621303,71.5794105378697
786630,25.302544223509145,74.69745577649086
865273,23.155762477169077,76.84423752283092
943916,21.156652592731522,78.84334740726848
1022559,19.453273745041514,80.54672625495849
1101202,18.00139010136097,81.99860989863903
1179845,17.277044478314114,82.72295552168588
1258488,16.413735666193517,83.58626433380648
1337131,16.015941800714113,83.9840581992859
1415774,15.914935280007306,84.0850647199927
1494417,15.914935280007306,84.0850647199927
