69.5364238410596
62.58278145695364
77.48344370860927
62.913907284768214
72.84768211920529
76.15894039735099
68.21192052980133
58.27814569536424
64.56953642384106
68.87417218543047
72.84768211920529
71.8543046357616
50.0
46.35761589403973
44.70198675496689
50.66225165562914
66.22516556291392
30.79470198675497
19.5364238410596
24.17218543046358
63.24503311258278
74.83443708609272
54.966887417218544
48.34437086092716
40.728476821192054
59.27152317880795
77.48344370860927
61.58940397350994
44.370860927152314
44.70198675496689
49.668874172185426
69.86754966887418
42.05298013245033
46.688741721854306
51.65562913907284
68.21192052980133
77.81456953642383
76.82119205298014
79.47019867549669
78.80794701986756
71.19205298013244
71.19205298013244
69.86754966887418
66.55629139072848
72.18543046357617
79.47019867549669
82.78145695364239
57.615894039735096
41.72185430463576
46.688741721854306
48.34437086092716
79.47019867549669
73.17880794701986
60.264900662251655
49.337748344370866
54.966887417218544
76.15894039735099
89.73509933774835
58.27814569536424
62.251655629139066
54.966887417218544
65.23178807947019
62.251655629139066
28.47682119205298
46.026490066225165
53.31125827814569
60.9271523178808
37.74834437086093
70.19867549668875
68.87417218543047
39.40397350993378
64.23841059602648
29.80132450331126
22.8476821192053
73.17880794701986
35.099337748344375
46.026490066225165
69.20529801324503
81.12582781456953
81.78807947019867
91.05960264900662
75.49668874172185
55.62913907284768
47.35099337748344
49.00662251655629
23.178807947019866
4.304635761589404
19.867549668874172
32.450331125827816
12.91390728476821
35.76158940397351
18.211920529801322
36.423841059602644
11.589403973509933
46.35761589403973
3.9735099337748347
47.682119205298015
5.629139072847682
46.35761589403973
13.57615894039735
