69.5364238410596
67.21854304635761
86.75496688741721
70.52980132450331
73.84105960264901
76.49006622516556
69.20529801324503
72.18543046357617
70.19867549668875
73.50993377483444
77.81456953642383
80.4635761589404
53.64238410596026
48.675496688741724
66.55629139072848
66.22516556291392
68.21192052980133
50.331125827814574
61.58940397350994
70.52980132450331
77.48344370860927
76.49006622516556
59.60264900662252
51.65562913907284
55.29801324503312
76.15894039735099
82.45033112582782
70.52980132450331
56.29139072847682
61.58940397350994
74.83443708609272
75.82781456953643
56.29139072847682
57.284768211920536
80.4635761589404
82.78145695364239
85.09933774834437
83.77483443708608
85.76158940397352
85.43046357615894
78.1456953642384
75.16556291390728
73.50993377483444
81.12582781456953
76.49006622516556
79.80132450331125
84.76821192052981
58.27814569536424
45.033112582781456
61.58940397350994
77.81456953642383
82.78145695364239
73.50993377483444
62.913907284768214
62.251655629139066
80.4635761589404
76.15894039735099
90.06622516556291
63.90728476821192
72.84768211920529
82.78145695364239
73.17880794701986
69.86754966887418
60.59602649006622
63.576158940397356
78.1456953642384
66.55629139072848
53.973509933774835
76.15894039735099
78.80794701986756
68.54304635761589
67.21854304635761
47.682119205298015
58.94039735099338
77.15231788079471
56.29139072847682
77.81456953642383
72.51655629139073
83.77483443708608
82.78145695364239
91.3907284768212
82.45033112582782
58.609271523178805
48.34437086092716
55.29801324503312
26.82119205298013
36.092715231788084
56.29139072847682
48.01324503311258
46.688741721854306
51.324503311258276
53.973509933774835
45.36423841059602
53.31125827814569
50.993377483443716
44.03973509933775
54.966887417218544
53.31125827814569
46.688741721854306
60.9271523178808
