200,77.55695909526801,22.443040904731987
400,66.16183327270923,33.83816672729076
600,59.09857478257994,40.901425217420055
800,55.431368010317115,44.568631989682885
1000,52.356072881187785,47.64392711881221
1200,49.535398961674545,50.464601038325455
1400,47.151218544360304,52.848781455639696
1600,45.25974670149797,54.740253298502026
1800,43.7717006712741,56.2282993287259
2000,42.44568631989683,57.55431368010318
2200,41.51979101220198,58.48020898779802
2400,40.679871697364504,59.3201283026355
2600,39.83003207565887,60.16996792434113
2800,38.295691280050264,61.70430871994974
3000,40.117720974835485,59.88227902516451
3200,42.181144803412586,57.818855196587414
3400,39.429913031976454,60.57008696802354
3600,37.2441387520254,62.75586124797461
3800,36.222347144605,63.777652855395
4000,33.345458152838866,66.65454184716114
