200,72.90433517410139,27.095664825898613
400,58.53973082900698,41.46026917099302
600,53.90694752157666,46.09305247842334
800,51.575675407559274,48.424324592440726
1000,48.57974273337522,51.42025726662478
1200,47.5248834363943,52.47511656360571
1400,45.6234912866638,54.3765087133362
1600,42.733375219073444,57.266624780926556
1800,40.61373631824344,59.38626368175656
2000,37.965014384444956,62.03498561555504
2200,36.88700770477167,63.11299229522833
2400,36.136371151747625,63.863628848252375
2600,34.132469164379486,65.86753083562051
2800,32.15171455970371,67.84828544029628
3000,30.577692536622465,69.42230746337754
3200,29.820442445686318,70.17955755431367
3400,28.944148672332265,71.05585132766774
3600,28.03478720941768,71.96521279058233
3800,27.072517443206245,72.92748255679375
4000,26.464071955292486,73.53592804470752
