200,66.5586455474356,33.4413544525644
400,55.9042359710327,44.095764028967295
600,53.12655004794815,46.87344995205185
800,53.24228696141,46.75771303858999
1000,47.951456631725144,52.048543368274856
1200,45.722694355345396,54.277305644654604
1400,43.66257729572435,56.33742270427565
1600,42.614331536655534,57.385668463344466
1800,39.40345888032803,60.59654111967197
2000,37.76660824708178,62.23339175291822
2200,36.400912668231875,63.59908733176813
2400,35.362587216031216,64.63741278396878
2600,33.8216328825105,66.1783671174895
2800,32.1384874838795,67.8615125161205
3000,30.610760226182997,69.389239773817
3200,29.850203366290796,70.1497966337092
3400,28.973909592936742,71.02609040706326
3600,28.170364736615856,71.82963526338415
3800,27.17833404979994,72.82166595020006
4000,26.487219337984858,73.51278066201515
