200,67.04804735293145,32.95195264706855
400,55.79841936443901,44.201580635560994
600,53.57296385701531,46.42703614298469
800,51.678185245196914,48.321814754803086
1000,49.89914354684038,50.100856453159615
1200,47.23388776826163,52.76611223173837
1400,44.92906980589267,55.07093019410733
1600,43.04751826989848,56.952481730101525
1800,41.49995039846566,58.50004960153434
2000,39.41337918719619,60.5866208128038
2200,36.34469759597897,63.65530240402103
2400,35.458483515756754,64.54151648424325
2600,34.0332660956979,65.96673390430212
2800,32.31705300750637,67.68294699249363
3000,30.911676201183823,69.08832379881618
3200,30.094904269038725,69.90509573096128
3400,29.258291723157303,70.7417082768427
3600,28.05793459211005,71.94206540788996
3800,27.075824212162296,72.92417578783771
4000,26.40455011408353,73.59544988591648
