200,67.83505836447208,32.164941635527924
400,56.12909626004431,43.87090373995569
600,54.7567871432823,45.243212856717705
800,52.06838398201118,47.93161601798882
1000,49.94543831222513,50.05456168777488
1200,47.627393274031945,52.372606725968055
1400,47.81257233557091,52.18742766442909
1600,42.90863397374425,57.09136602625574
1800,41.486723322641446,58.51327667735855
2000,41.050229820442446,58.94977017955756
2200,36.956449852848785,63.043550147151215
2400,35.38904136767964,64.61095863232036
2600,34.96577494130485,65.03422505869516
2800,32.50553883800139,67.49446116199861
3000,31.334942627558615,68.66505737244138
3200,29.827055983598427,70.17294401640157
3400,29.258291723157303,70.7417082768427
3600,28.05793459211005,71.94206540788996
3800,27.075824212162296,72.92417578783771
4000,26.40455011408353,73.59544988591648
