200,65.99649482490658,34.003505175093416
400,66.06593697298369,33.9340630270163
600,59.17132369961311,40.82867630038689
800,57.722958896861876,42.277041103138124
1000,53.57957739492741,46.42042260507258
1200,52.64045501140835,47.359544988591644
1400,48.20607784134123,51.79392215865878
1600,50.38523858338018,49.61476141661982
1800,49.34360636222347,50.65639363777653
2000,46.714725042161305,53.28527495783869
2200,36.374458516583445,63.62554148341656
2400,35.33613306438279,64.66386693561721
2600,33.781951655037865,66.21804834496213
2800,32.16163486657187,67.83836513342813
3000,30.630600839919314,69.36939916008068
3200,30.0122350451374,69.98776495486261
3400,31.295261400085977,68.70473859991402
3600,30.05852981052214,69.94147018947785
3800,29.532753546509703,70.46724645349029
4000,28.434906253100095,71.5650937468999
