200,82.96352633841474,17.036473661585266
400,70.37465692272082,29.625343077279194
600,64.54813002215535,35.451869977844645
800,61.51912965841076,38.48087034158924
1000,58.77120465593069,41.228795344069304
1200,55.431368010317115,44.568631989682885
1400,52.55778578750703,47.44221421249297
1600,51.10611421579975,48.89388578420026
1800,50.203366290797256,49.79663370920274
2000,49.13197314903608,50.86802685096392
2200,48.21930491716544,51.78069508283456
2400,47.44552098144902,52.55447901855097
2600,46.76101980754604,53.23898019245396
2800,45.468073145729306,54.531926854270694
3000,43.16325518336034,56.83674481663966
3200,43.45755762044906,56.54244237955094
3400,40.455011408352895,59.5449885916471
3600,37.197843986640656,62.802156013359344
3800,36.21242683773685,63.78757316226316
4000,33.881154723719455,66.11884527628055
