200,72.19337984854998,27.80662015145002
400,60.15012731060481,39.84987268939519
600,53.88049336992824,46.119506630071754
800,51.54591448695479,48.4540855130452
1000,48.411097516616515,51.58890248338348
1200,47.048708706722664,52.951291293277336
1400,45.65655897622433,54.343441023775675
1600,42.81273767401871,57.18726232598128
1800,40.484772328957376,59.515227671042624
2000,38.189874673456565,61.81012532654343
2200,36.361231440759234,63.638768559240766
2400,35.359280447075164,64.64071955292484
2600,33.791871961906025,66.20812803809399
2800,32.105419794318976,67.89458020568104
3000,30.577692536622465,69.42230746337754
3200,29.820442445686318,70.17955755431367
3400,28.944148672332265,71.05585132766774
3600,28.03478720941768,71.96521279058233
3800,27.072517443206245,72.92748255679375
4000,26.464071955292486,73.53592804470752
