200,66.57848616117192,33.42151383882808
400,55.738897523230044,44.26110247676995
600,53.26543434410238,46.73456565589762
800,50.72583578585365,49.27416421414636
1000,48.49045997156179,51.50954002843822
1200,46.460103832545215,53.539896167454785
1400,44.47273568995735,55.52726431004265
1600,41.734730994345426,58.265269005654574
1800,39.9689163718131,60.0310836281869
2000,38.27585066631394,61.72414933368605
2200,36.361231440759234,63.638768559240766
2400,35.32290598855858,64.67709401144141
2600,34.16553685394001,65.83446314605999
2800,32.155021328659764,67.84497867134023
3000,30.577692536622465,69.42230746337754
3200,29.764227373433418,70.23577262656659
3400,28.927614827552002,71.07238517244801
3600,28.03478720941768,71.96521279058233
3800,27.141959591283353,72.85804040871665
4000,26.464071955292486,73.53592804470752
