200,70.07374094771998,29.92625905228002
400,60.87430971198042,39.12569028801958
600,57.88829734466453,42.11170265533547
800,53.82427829767534,46.17572170232466
1000,53.80774445289508,46.19225554710492
1200,48.301974141066765,51.698025858933235
1400,47.858867100955656,52.14113289904434
1600,43.328593631162995,56.671406368837005
1800,40.011904368241794,59.988095631758206
2000,38.43457557620449,61.56542442379551
2200,37.525214113289906,62.474785886710094
2400,35.352666909163055,64.64733309083695
2600,35.26669091630568,64.73330908369432
2800,32.624582520419295,67.3754174795807
3000,31.563109685526275,68.43689031447373
3200,30.445421778380343,69.55457822161965
3400,31.047253728381996,68.952746271618
3600,30.379286399259282,69.62071360074071
3800,29.9626335107966,70.03736648920341
4000,28.987136668760954,71.01286333123905
