200,67.22330610760227,32.77669389239774
400,55.79841936443901,44.201580635560994
600,53.500214939982136,46.49978506001786
800,52.59746701497966,47.402532985020336
1000,50.64316656195231,49.35683343804768
1200,48.50699381634205,51.493006183657954
1400,47.80926556661486,52.190734433385146
1600,45.52098144902615,54.47901855097385
1800,47.372772064415855,52.627227935584145
2000,41.050229820442446,58.94977017955756
2200,36.956449852848785,63.043550147151215
2400,35.38904136767964,64.61095863232036
2600,34.96577494130485,65.03422505869516
2800,32.50553883800139,67.49446116199861
3000,31.334942627558615,68.66505737244138
3200,29.827055983598427,70.17294401640157
3400,29.258291723157303,70.7417082768427
3600,28.05793459211005,71.94206540788996
3800,27.075824212162296,72.92417578783771
4000,26.40455011408353,73.59544988591648
