200,67.30928210045964,32.69071789954036
400,55.72236367844978,44.27763632155021
600,53.25882080619028,46.74117919380973
800,50.72252901689759,49.27747098310241
1000,48.57974273337522,51.42025726662478
1200,46.460103832545215,53.539896167454785
1400,44.353692007539436,55.646307992460564
1600,41.73803776330148,58.261962236698515
1800,39.9755299097252,60.0244700902748
2000,38.27585066631394,61.72414933368605
2200,36.88700770477167,63.11299229522833
2400,35.32290598855858,64.67709401144141
2600,34.16553685394001,65.83446314605999
2800,32.155021328659764,67.84497867134023
3000,30.577692536622465,69.42230746337754
3200,29.764227373433418,70.23577262656659
3400,28.927614827552002,71.07238517244801
3600,28.03478720941768,71.96521279058233
3800,27.141959591283353,72.85804040871665
4000,26.464071955292486,73.53592804470752
