200,67.20346549386595,32.79653450613406
400,55.79841936443901,44.201580635560994
600,53.49690817102609,46.50309182897391
800,51.8203763103072,48.179623689692804
1000,49.2708574451903,50.72914255480969
1200,46.64197612512814,53.35802387487186
1400,46.40058199133627,53.59941800866373
1600,44.095764028967295,55.9042359710327
1800,42.46222016467709,57.53777983532291
2000,40.709632617968985,59.290367382031015
2200,36.66545418471611,63.33454581528388
2400,35.61390165669125,64.38609834330875
2600,34.218445157236864,65.78155484276313
2800,32.44601699679243,67.55398300320756
3000,31.080321417942532,68.91967858205747
3200,29.827055983598427,70.17294401640157
3400,29.258291723157303,70.7417082768427
3600,28.05793459211005,71.94206540788996
3800,27.075824212162296,72.92417578783771
4000,26.40455011408353,73.59544988591648
