200,79.34922786944875,20.650772130551236
400,67.3820310174928,32.617968982507186
600,60.331999603187725,39.668000396812275
800,57.26001124301445,42.73998875698555
1000,54.48893885784201,45.511061142158
1200,51.4467114182732,48.5532885817268
1400,48.92695347376079,51.07304652623921
1600,47.597632353427464,52.402367646572536
1800,46.033530637214376,53.96646936278562
2000,44.61492675506762,55.38507324493238
2200,43.68903144737277,56.31096855262723
2400,42.825964749842925,57.174035250157075
2600,41.701663304784894,58.298336695215106
2800,39.87632684104362,60.12367315895638
3000,40.82867630038689,59.17132369961311
3200,43.04090473198637,56.95909526801363
3400,40.461624946265005,59.538375053734995
3600,37.197843986640656,62.802156013359344
3800,36.21242683773685,63.78757316226316
4000,33.881154723719455,66.11884527628055
