200,80.79428590324395,19.20571409675606
400,68.56916107271584,31.43083892728415
600,61.466221355113916,38.53377864488608
800,58.506663139446445,41.493336860553555
1000,55.89431566416454,44.105684335835456
1200,53.318342647399234,46.68165735260077
1400,50.05786845673092,49.94213154326907
1600,49.19149499024503,50.80850500975497
1800,48.173010151780694,51.826989848219306
2000,47.369465295459804,52.63053470454019
2200,46.69157765946893,53.30842234053107
2400,46.026917099302274,53.97308290069773
2600,45.335802387487185,54.66419761251281
2800,43.877517277867796,56.122482722132204
3000,41.387520253959856,58.612479746040144
3200,43.45755762044906,56.54244237955094
3400,40.455011408352895,59.5449885916471
3600,37.197843986640656,62.802156013359344
3800,36.21242683773685,63.78757316226316
4000,33.881154723719455,66.11884527628055
