200,71.42951621970172,28.57048378029827
400,59.18124400648127,40.818755993518735
600,53.90364075262062,46.09635924737939
800,51.56244833173507,48.43755166826494
1000,48.49045997156179,51.50954002843822
1200,47.5248834363943,52.47511656360571
1400,45.71608081743329,54.283919182566706
1600,42.71684137429318,57.28315862570682
1800,40.60712278033134,59.39287721966866
2000,37.965014384444956,62.03498561555504
2200,36.88700770477167,63.11299229522833
2400,36.136371151747625,63.863628848252375
2600,34.132469164379486,65.86753083562051
2800,32.15171455970371,67.84828544029628
3000,30.577692536622465,69.42230746337754
3200,29.820442445686318,70.17955755431367
3400,28.944148672332265,71.05585132766774
3600,28.03478720941768,71.96521279058233
3800,27.072517443206245,72.92748255679375
4000,26.464071955292486,73.53592804470752
