93.33333333333333
100.0
100.0
100.0
100.0
100.0
100.0
100.0
98.33333333333333
100.0
93.33333333333333
100.0
100.0
100.0
100.0
100.0
100.0
100.0
100.0
13.333333333333334
0.0
0.0
0.0
0.0
0.0
0.0
0.0
0.0
21.666666666666668
91.66666666666666
100.0
100.0
100.0
100.0
33.33333333333333
0.0
0.0
0.0
0.0
0.0
0.0
0.0
0.0
0.0
55.00000000000001
100.0
100.0
100.0
100.0
100.0
100.0
100.0
100.0
100.0
100.0
100.0
100.0
33.33333333333333
0.0
0.0
0.0
0.0
0.0
0.0
0.0
0.0
0.0
53.333333333333336
100.0
100.0
100.0
100.0
100.0
100.0
100.0
100.0
100.0
100.0
100.0
100.0
100.0
100.0
100.0
100.0
100.0
100.0
100.0
98.33333333333333
1.6666666666666667
0.0
0.0
0.0
0.0
0.0
0.0
0.0
1.6666666666666667
0.0
86.66666666666667
100.0
