30,98.27098919368245,1.7290108063175393
60,96.27597672485453,3.7240232751454694
100,93.61596009975062,6.384039900249376
200,86.96591853699086,13.034081463009144
300,80.38237738985869,19.617622610141314
400,72.98420615128845,27.015793848711557
500,66.40066500415628,33.59933499584372
600,59.8171238570241,40.18287614297589
700,57.223607647547794,42.776392352452206
800,54.72984206151289,45.27015793848712
900,51.4380714879468,48.5619285120532
1000,49.276807980049874,50.723192019950126
1100,47.63092269326683,52.36907730673317
1200,47.59767248545303,52.40232751454697
1300,46.932668329177055,53.067331670822945
1400,46.733167082294266,53.26683291770573
1500,46.45054031587698,53.54945968412302
1600,46.45054031587698,53.54945968412302
1700,45.236907730673316,54.763092269326684
1800,43.591022443890274,56.40897755610973
1900,42.04488778054863,57.95511221945138
2000,42.04488778054863,57.95511221945138
2100,42.04488778054863,57.95511221945138
2200,42.04488778054863,57.95511221945138
2300,42.04488778054863,57.95511221945138
2400,42.04488778054863,57.95511221945138
