30,98.98586866167913,1.0141313383208646
60,98.47049044056526,1.5295095594347465
100,97.78886118038238,2.2111388196176227
200,96.12635078969244,3.873649210307564
300,94.49709060681629,5.502909393183708
400,92.81795511221945,7.182044887780549
500,91.1554447215295,8.84455527847049
600,89.45968412302577,10.540315876974232
700,58.38736492103076,41.61263507896925
800,58.38736492103076,41.61263507896925
900,55.36159600997507,44.63840399002494
1000,52.069825436408976,47.930174563591024
1100,49.808811305070655,50.191188694929345
1200,49.808811305070655,50.191188694929345
1300,49.143807148794686,50.856192851205314
1400,48.94430590191189,51.05569409808811
1500,46.999168744804656,53.000831255195344
1600,46.45054031587698,53.54945968412302
1700,42.859517871986704,57.1404821280133
1800,42.327514546965915,57.672485453034085
1900,42.593516209476306,57.40648379052369
2000,42.593516209476306,57.40648379052369
2100,42.04488778054863,57.95511221945138
2200,42.04488778054863,57.95511221945138
2300,42.04488778054863,57.95511221945138
2400,42.04488778054863,57.95511221945138
