30,98.52036575228595,1.4796342477140483
60,97.50623441396509,2.493765586034913
100,97.82211138819618,2.1778886118038234
200,96.15960099750623,3.8403990024937653
300,94.51371571072319,5.486284289276807
400,92.85120532003324,7.148794679966749
500,91.1886949293433,8.811305070656692
600,89.47630922693267,10.523690773067331
700,88.82793017456359,11.17206982543641
800,87.98004987531172,12.019950124688279
900,86.31753948462178,13.682460515378223
1000,84.65502909393183,15.344970906068161
1100,83.0091438071488,16.990856192851204
1200,72.95095594347465,27.04904405652535
1300,72.28595178719867,27.71404821280133
1400,72.08645054031587,27.913549459684123
1500,61.77888611803824,38.22111388196176
1600,61.77888611803824,38.22111388196176
1700,55.295095594347465,44.704904405652535
1800,53.649210307564424,46.350789692435576
1900,42.04488778054863,57.95511221945138
2000,42.04488778054863,57.95511221945138
2100,42.04488778054863,57.95511221945138
2200,42.04488778054863,57.95511221945138
2300,42.04488778054863,57.95511221945138
2400,42.04488778054863,57.95511221945138
