30,98.32086450540316,1.6791354945968413
60,96.30922693266832,3.690773067331671
100,93.64921030756442,6.350789692435578
200,86.94929343308395,13.050706566916043
300,80.36575228595179,19.634247714048215
400,73.38320864505403,26.616791354945967
500,66.79966749792186,33.20033250207814
600,60.216126350789686,39.78387364921031
700,57.223607647547794,42.776392352452206
800,54.72984206151289,45.27015793848712
900,51.4380714879468,48.5619285120532
1000,49.276807980049874,50.723192019950126
1100,47.63092269326683,52.36907730673317
1200,47.59767248545303,52.40232751454697
1300,46.932668329177055,53.067331670822945
1400,46.733167082294266,53.26683291770573
1500,46.45054031587698,53.54945968412302
1600,46.45054031587698,53.54945968412302
1700,45.236907730673316,54.763092269326684
1800,43.591022443890274,56.40897755610973
1900,42.04488778054863,57.95511221945138
2000,42.04488778054863,57.95511221945138
2100,42.04488778054863,57.95511221945138
2200,42.04488778054863,57.95511221945138
2300,42.04488778054863,57.95511221945138
2400,42.04488778054863,57.95511221945138
