30,97.4729842061513,2.5270157938487117
60,95.46134663341645,4.538653366583541
100,92.80133000831256,7.198669991687448
200,86.1512884455528,13.848711554447215
300,79.56774729842061,20.432252701579383
400,72.98420615128845,27.015793848711557
500,66.40066500415628,33.59933499584372
600,59.8171238570241,40.18287614297589
700,67.24854530340815,32.75145469659185
800,64.75477971737324,35.24522028262677
900,57.788861180382376,42.211138819617624
1000,57.75561097256858,42.244389027431424
1100,56.84123025768911,43.15876974231089
1200,58.171238570241066,41.828761429758934
1300,47.48129675810474,52.51870324189526
1400,46.733167082294266,53.26683291770573
1500,46.45054031587698,53.54945968412302
1600,46.45054031587698,53.54945968412302
1700,45.236907730673316,54.763092269326684
1800,43.591022443890274,56.40897755610973
1900,42.04488778054863,57.95511221945138
2000,42.04488778054863,57.95511221945138
2100,42.04488778054863,57.95511221945138
2200,42.04488778054863,57.95511221945138
2300,42.04488778054863,57.95511221945138
2400,42.04488778054863,57.95511221945138
