93.33333333333333
100.0
100.0
100.0
100.0
100.0
100.0
100.0
98.33333333333333
100.0
93.33333333333333
100.0
100.0
100.0
100.0
100.0
100.0
100.0
100.0
11.666666666666666
0.0
0.0
0.0
0.0
0.0
0.0
0.0
0.0
0.0
56.666666666666664
100.0
100.0
100.0
100.0
31.666666666666664
0.0
0.0
0.0
0.0
0.0
0.0
0.0
0.0
0.0
36.666666666666664
100.0
100.0
61.66666666666667
0.0
0.0
0.0
0.0
10.0
100.0
100.0
100.0
100.0
31.666666666666664
0.0
0.0
0.0
0.0
0.0
0.0
0.0
0.0
0.0
36.666666666666664
100.0
100.0
33.33333333333333
100.0
65.0
86.66666666666667
65.0
0.0
0.0
0.0
0.0
0.0
0.0
0.0
45.0
100.0
100.0
63.33333333333333
0.0
0.0
0.0
0.0
0.0
0.0
0.0
0.0
0.0
0.0
0.0
0.0
70.0
100.0
