30,97.4729842061513,2.5270157938487117
60,95.46134663341645,4.538653366583541
100,93.26683291770573,6.733167082294264
200,88.2793017456359,11.72069825436409
300,83.34164588528678,16.658354114713216
400,78.40399002493766,21.596009975062344
500,73.46633416458853,26.533665835411473
600,68.5120532003325,31.487946799667498
700,66.05153782211138,33.94846217788861
800,63.557772236076474,36.442227763923526
900,60.26600166251039,39.73399833748961
1000,58.104738154613464,41.895261845386536
1100,56.45885286783042,43.54114713216958
1200,51.3549459684123,48.6450540315877
1300,50.68994181213633,49.310058187863675
1400,50.490440565253536,49.50955943474647
1500,46.45054031587698,53.54945968412302
1600,46.45054031587698,53.54945968412302
1700,45.236907730673316,54.763092269326684
1800,43.591022443890274,56.40897755610973
1900,42.04488778054863,57.95511221945138
2000,42.04488778054863,57.95511221945138
2100,42.04488778054863,57.95511221945138
2200,42.04488778054863,57.95511221945138
2300,42.04488778054863,57.95511221945138
2400,42.04488778054863,57.95511221945138
