30,97.4729842061513,2.5270157938487117
60,95.56109725685785,4.438902743142145
100,94.6633416458853,5.336658354114713
200,93.11720698254365,6.882793017456359
300,79.56774729842061,20.432252701579383
400,79.61762261014131,20.382377389858686
500,74.67996674979219,25.320033250207814
600,79.63424771404821,20.36575228595179
700,78.78636741479635,21.213632585203655
800,67.89692435577722,32.10307564422278
900,66.25103906899417,33.74896093100582
1000,64.60515378221115,35.39484621778886
1100,58.171238570241066,41.828761429758934
1200,58.171238570241066,41.828761429758934
1300,57.50623441396508,42.49376558603492
1400,46.733167082294266,53.26683291770573
1500,46.45054031587698,53.54945968412302
1600,46.45054031587698,53.54945968412302
1700,45.236907730673316,54.763092269326684
1800,43.591022443890274,56.40897755610973
1900,42.04488778054863,57.95511221945138
2000,42.04488778054863,57.95511221945138
2100,42.04488778054863,57.95511221945138
2200,42.04488778054863,57.95511221945138
2300,42.04488778054863,57.95511221945138
2400,42.04488778054863,57.95511221945138
