30,97.52285951787198,2.4771404821280134
60,95.51122194513717,4.488778054862843
100,94.51371571072319,5.486284289276807
200,89.52618453865337,10.473815461346634
300,85.8187863674148,14.181213632585205
400,82.51039068994181,17.48960931005819
500,79.20199501246883,20.798004987531172
600,75.84372402327514,24.156275976724856
700,75.11221945137157,24.88778054862843
800,74.2643391521197,25.735660847880297
900,72.61845386533666,27.381546134663342
1000,70.97256857855362,29.02743142144638
1100,69.32668329177058,30.673316708229425
1200,64.22277639235246,35.77722360764754
1300,63.557772236076474,36.442227763923526
1400,63.358270989193684,36.641729010806316
1500,59.50124688279301,40.49875311720698
1600,59.50124688279301,40.49875311720698
1700,55.295095594347465,44.704904405652535
1800,53.649210307564424,46.350789692435576
1900,42.04488778054863,57.95511221945138
2000,42.04488778054863,57.95511221945138
2100,42.04488778054863,57.95511221945138
2200,42.04488778054863,57.95511221945138
2300,42.04488778054863,57.95511221945138
2400,42.04488778054863,57.95511221945138
