30,97.4729842061513,2.5270157938487117
60,95.46134663341645,4.538653366583541
100,92.80133000831256,7.198669991687448
200,89.57605985037407,10.423940149625935
300,79.56774729842061,20.432252701579383
400,72.98420615128845,27.015793848711557
500,69.97506234413964,30.024937655860352
600,65.81878636741479,34.181213632585205
700,67.89692435577722,32.10307564422278
800,77.95511221945137,22.044887780548628
900,76.34247714048212,23.657522859517872
1000,58.287614297589364,41.71238570241064
1100,46.79966749792186,53.20033250207814
1200,43.740648379052374,56.259351620947626
1300,43.0756442227764,56.92435577722361
1400,42.8761429758936,57.12385702410641
1500,42.593516209476306,57.40648379052369
1600,42.593516209476306,57.40648379052369
1700,42.859517871986704,57.1404821280133
1800,42.327514546965915,57.672485453034085
1900,42.593516209476306,57.40648379052369
2000,42.593516209476306,57.40648379052369
2100,42.04488778054863,57.95511221945138
2200,42.04488778054863,57.95511221945138
2300,42.04488778054863,57.95511221945138
2400,42.04488778054863,57.95511221945138
