30,0.0042274984023988596,0.0005407265398417146
60,0.0042766553605662885,0.0008848252470137148
100,0.0042766553605662885,0.0009339822051811434
200,0.0042766553605662885,0.001228923954185715
300,0.004129184486064003,0.0016713365776925724
400,0.0042274984023988596,0.0020645922430320013
500,0.0042274984023988596,0.0020645922430320013
600,0.0042274984023988596,0.0020645922430320013
700,0.003981713611561717,0.0020645922430320013
800,0.0042274984023988596,0.0025070048665388586
900,0.004178341444231431,0.0026544757410411446
1000,0.004522440151403431,0.0026544757410411446
1100,0.004964852774910288,0.002703632699208573
1200,0.004964852774910288,0.002703632699208573
1300,0.004964852774910288,0.002703632699208573
1400,0.0001474708745022858,0.0006881974143440004
