95.56650246305419
91.62561576354679
100.0
97.53694581280789
93.59605911330048
96.05911330049261
99.50738916256158
0.0
64.5320197044335
100.0
100.0
100.0
100.0
45.812807881773395
7.8817733990147785
88.66995073891626
100.0
99.50738916256158
95.56650246305419
100.0
23.645320197044335
31.03448275862069
100.0
100.0
97.04433497536947
99.50738916256158
81.77339901477832
2.4630541871921183
66.50246305418719
100.0
94.58128078817734
99.50738916256158
100.0
48.76847290640394
3.9408866995073892
91.62561576354679
100.0
95.56650246305419
91.62561576354679
100.0
43.34975369458128
16.748768472906402
99.50738916256158
100.0
99.01477832512316
100.0
88.17733990147784
0.0
55.172413793103445
100.0
98.52216748768473
96.55172413793103
98.0295566502463
66.00985221674877
2.955665024630542
87.68472906403942
100.0
97.53694581280789
97.04433497536947
100.0
26.108374384236456
27.093596059113302
99.50738916256158
98.0295566502463
95.56650246305419
99.01477832512316
89.16256157635468
3.4482758620689653
53.69458128078818
100.0
97.04433497536947
93.10344827586206
96.05911330049261
83.2512315270936
1.477832512315271
75.36945812807882
100.0
98.52216748768473
100.0
100.0
29.064039408866993
25.12315270935961
89.65517241379311
100.0
97.04433497536947
95.56650246305419
100.0
9.852216748768473
47.29064039408867
100.0
98.0295566502463
96.55172413793103
99.50738916256158
66.99507389162561
0.49261083743842365
85.71428571428571
100.0
91.62561576354679
99.01477832512316
100.0
