30,97.49791082927788,2.502089170722116
60,94.42068524799684,5.579314752003146
100,91.66297989480411,8.33702010519589
200,84.80066853463107,15.199331465368923
300,77.96293565354175,22.03706434645824
400,71.15961264316965,28.84038735683036
500,64.33171115371381,35.66828884628619
600,57.5185567517082,42.4814432482918
700,50.68082387061889,49.31917612938111
800,43.90207933933048,56.09792066066952
900,37.08892493732488,62.911075062675124
1000,30.32001179766996,69.67998820233004
1100,23.50685739566436,76.49314260433565
1200,16.69370299365875,83.30629700634124
1300,9.875632895836405,90.1243671041636
1400,7.117927542643661,92.88207245735633
