30,97.88133510298383,2.1186648970161728
60,97.41925969621,2.5807403037900016
100,97.02108833505383,2.9789116649461733
200,96.03794917170525,3.962050828294745
300,95.0793884874404,4.920611512559603
400,94.14049058644251,5.859509413557489
500,88.73322518802537,11.266774811974635
600,87.75991741631027,12.240082583689722
700,86.78169394877845,13.218306051221552
800,85.94602565993216,14.053974340067837
900,85.20867128742073,14.791328712579265
1000,84.38775008602468,15.612249913975324
1100,23.4773632207639,76.5226367792361
1200,16.664208818758294,83.3357911812417
1300,9.851054416752692,90.14894558324731
1400,7.117927542643661,92.88207245735633
