95.56650246305419
91.62561576354679
100.0
97.53694581280789
93.59605911330048
96.05911330049261
99.50738916256158
0.0
64.5320197044335
100.0
100.0
100.0
100.0
45.812807881773395
7.8817733990147785
88.17733990147784
100.0
98.52216748768473
96.05911330049261
100.0
100.0
97.04433497536947
100.0
100.0
97.04433497536947
100.0
98.52216748768473
96.05911330049261
97.53694581280789
100.0
94.58128078817734
100.0
100.0
95.56650246305419
95.56650246305419
93.10344827586206
100.0
95.56650246305419
91.13300492610837
100.0
100.0
97.53694581280789
100.0
100.0
100.0
100.0
100.0
100.0
83.2512315270936
100.0
100.0
98.0295566502463
98.52216748768473
100.0
97.04433497536947
97.53694581280789
100.0
100.0
97.04433497536947
100.0
94.58128078817734
97.53694581280789
100.0
98.52216748768473
96.05911330049261
100.0
97.53694581280789
97.04433497536947
89.65517241379311
100.0
97.53694581280789
93.59605911330048
95.56650246305419
100.0
100.0
97.53694581280789
100.0
100.0
100.0
100.0
100.0
93.59605911330048
89.65517241379311
100.0
100.0
96.55172413793103
100.0
97.04433497536947
97.53694581280789
100.0
100.0
97.04433497536947
100.0
94.58128078817734
100.0
97.53694581280789
100.0
94.58128078817734
100.0
100.0
