30,97.88133510298383,2.1186648970161728
60,97.59622474561273,2.4037752543872584
100,97.19805338445657,2.80194661554343
200,96.21491422110799,3.785085778892002
300,95.2071965786757,4.7928034213242885
400,93.61942682986776,6.380573170132233
500,81.8217568696849,18.178243130315096
600,75.16590473381507,24.834095266184928
700,66.7404021039178,33.25959789608219
800,44.11836995526717,55.88163004473283
900,37.30521555326156,62.69478444673844
1000,30.531386717789903,69.4686132822101
1100,23.610087007815956,76.38991299218404
1200,16.885415130511724,83.11458486948827
1300,9.895295679103377,90.10470432089662
1400,7.117927542643661,92.88207245735633
