30,97.62080322469644,2.3791967753035443
60,96.73597797768274,3.264022022317259
100,95.55129528584771,4.448704714152289
200,91.3287125792656,8.671287420734405
300,78.81335102983827,21.186648970161727
400,71.44963869635747,28.55036130364253
500,64.5824116403677,35.417588359632305
600,57.74959445509512,42.25040554490488
700,51.18222484392666,48.81777515607334
800,44.10362286781694,55.89637713218306
900,37.285552769994595,62.71444723000541
1000,30.551049501056877,69.44895049894313
1100,23.63466548689967,76.36533451310032
1200,16.90999360959544,83.09000639040455
1300,9.919874158187092,90.0801258418129
1400,7.117927542643661,92.88207245735633
