30,97.99439610676892,2.005603893231087
60,97.44875387111045,2.5512461288895443
100,97.05058250995428,2.949417490045716
200,96.06744334660571,3.9325566533942884
300,95.11871405397434,4.88128594602566
400,94.17981615297646,5.820183847023546
500,65.72776876566878,34.272231234331215
600,87.75991741631027,12.240082583689722
700,86.78169394877845,13.218306051221552
800,85.94602565993216,14.053974340067837
900,85.20867128742073,14.791328712579265
1000,84.38775008602468,15.612249913975324
1100,23.610087007815956,76.38991299218404
1200,16.885415130511724,83.11458486948827
1300,9.895295679103377,90.10470432089662
1400,7.117927542643661,92.88207245735633
