30,97.27670451752446,2.7232954824755446
60,95.64469350636583,4.355306493634173
100,93.8406331416212,6.159366858378804
200,91.59907584918645,8.400924150813548
300,78.6216388929853,21.378361107014697
400,71.79373740352946,28.206262596470534
500,64.97566730570712,35.02433269429287
600,58.02978911664947,41.97021088335054
700,50.89711448655557,49.10288551344443
800,44.10362286781694,55.89637713218306
900,37.2511428992774,62.74885710072261
1000,30.516639630339675,69.48336036966033
1100,23.87061888610333,76.12938111389667
1200,16.95915056776287,83.04084943223712
1300,10.229562994641892,89.7704370053581
1400,7.117927542643661,92.88207245735633
