30,97.49299513346115,2.5070048665388587
60,96.2394927001917,3.7605072998082876
100,92.38558717986531,7.614412820134691
200,85.45445607825788,14.545543921742125
300,78.83792950892199,21.162070491078012
400,72.02969080273313,27.970309197266875
500,65.11822248439266,34.88177751560733
600,58.049451899916434,41.950548100083566
700,51.16256206065969,48.83743793934031
800,43.946320601681165,56.053679398318835
900,37.20690163692671,62.7930983630733
1000,30.43798849727179,69.56201150272821
1100,23.65432827016664,76.34567172983336
1200,16.84117386816104,83.15882613183896
1300,10.00344098707172,89.99655901292827
1400,7.117927542643661,92.88207245735633
