30,96.8342918940176,3.165708105982402
60,94.55832473086565,5.441675269134346
100,91.7662095069557,8.23379049304429
200,84.78592144718084,15.214078552819151
300,77.95310426190827,22.046895738091727
400,71.13503416408594,28.864965835914074
500,64.32187976208033,35.67812023791967
600,57.50872536007472,42.49127463992528
700,50.78896917858723,49.21103082141277
800,44.01514034311557,55.98485965688443
900,37.20198594110997,62.79801405889004
1000,30.457651280538762,69.54234871946124
1100,23.72314801160104,76.27685198839896
1200,16.90999360959544,83.09000639040455
1300,10.106670599223321,89.89332940077668
1400,7.117927542643661,92.88207245735633
