30,97.90099788625079,2.099002113749201
60,97.45858526274395,2.5414147372560585
100,96.27881826672565,3.7211817332743453
200,86.86034508184633,13.139654918153665
300,81.79226269478444,18.207737305215556
400,71.33657769257238,28.663422307427616
500,81.97905913582068,18.020940864179323
600,75.91800619377673,24.08199380622327
700,76.87165118222484,23.12834881777516
800,71.53812122105883,28.46187877894116
900,37.2511428992774,62.74885710072261
1000,30.516639630339675,69.48336036966033
1100,29.56299464189156,70.43700535810844
1200,16.95915056776287,83.04084943223712
1300,9.924789854003835,90.07521014599617
1400,7.117927542643661,92.88207245735633
