30,96.72614658604925,3.2738534139507447
60,94.66647003883399,5.333529961166003
100,91.86452342329056,8.135476576709433
200,84.94813940913336,15.051860590866637
300,78.11040652804404,21.889593471955955
400,71.34640908420586,28.65359091579413
500,64.59224303200118,35.40775696799882
600,57.759425846728604,42.240574153271396
700,50.9806813154402,49.0193186845598
800,44.22159956741877,55.77840043258123
900,37.30521555326156,62.69478444673844
1000,30.467482672172245,69.53251732782776
1100,23.732979403234527,76.26702059676546
1200,16.90999360959544,83.09000639040455
1300,10.096839207589834,89.90316079241016
1400,7.117927542643661,92.88207245735633
