30,96.91294302708549,3.087056972914516
60,94.85818217568696,5.141817824313032
100,92.37084009241508,7.629159907584919
200,85.8133018728801,14.186698127119893
300,78.14973209457798,21.85026790542201
400,71.11537138081896,28.884628619181047
500,64.30221697881335,35.697783021186645
600,57.48906257680775,42.51093742319225
700,50.65132969571843,49.34867030428157
800,43.97089908076488,56.02910091923512
900,37.187238853659736,62.812761146340264
1000,30.42324140982156,69.57675859017844
1100,23.63466548689967,76.36533451310032
1200,16.90999360959544,83.09000639040455
1300,9.919874158187092,90.0801258418129
1400,7.117927542643661,92.88207245735633
