30,97.52740500417835,2.472594995821659
60,96.47544609939537,3.524553900604631
100,95.09905127070736,4.900948729292631
200,91.64823280735388,8.351767192646118
300,88.23673991053434,11.763260089465664
400,85.03662193383474,14.963378066165264
500,82.11669861868948,17.883301381310524
600,79.16236543282702,20.837634567172984
700,76.19328515951433,23.80671484048567
800,73.23403627783513,26.76596372216487
900,70.25512461288895,29.744875387111048
1000,67.33028560192696,32.66971439807305
1100,64.40544659096496,35.59455340903505
1200,61.4511134051025,38.54888659489751
1300,58.49678021924003,41.50321978075996
1400,7.486604728899375,92.51339527110063
