30,97.46841665437744,2.531583345622573
60,94.49442068524799,5.505579314752003
100,91.72196824460502,8.278031755394977
200,84.8154156220813,15.184584377918695
300,77.9678513493585,22.0321486506415
400,71.15961264316965,28.84038735683036
500,64.34645824116404,35.65354175883596
600,57.53821953497518,42.46178046502482
700,50.700486653885854,49.299513346114146
800,43.897163643513736,56.102836356486264
900,37.11841911222534,62.88158088777467
1000,30.339674580936933,69.66032541906307
1100,23.575677137098754,76.42432286290123
1200,16.782185518360123,83.21781448163988
1300,9.924789854003835,90.07521014599617
1400,7.117927542643661,92.88207245735633
