30,98.06321584820331,1.9367841517966868
60,97.91082927788428,2.0891707221157154
100,97.70928574939782,2.2907142506021727
200,97.21771616772355,2.782283832276459
300,96.72123089023252,3.2787691097674876
400,96.22966130855822,3.7703386914417734
500,95.74300742270069,4.256992577299316
600,95.25635353684314,4.7436464631568604
700,94.53374625178193,5.466253748218061
800,93.58993265496731,6.41006734503269
900,92.55763653345132,7.442363466548691
1000,83.79786658801554,16.202133411984466
1100,81.31052450474364,18.689475495256353
1200,66.72565501646758,33.274344983532416
1300,66.00304773140638,33.996952268593624
1400,7.147421717544118,92.85257828245588
