30,96.7998820233004,3.200117976699602
60,94.75495256353537,5.245047436464632
100,92.07098264759377,7.929017352406233
200,85.62158973602713,14.378410263972865
300,78.2087204443789,21.7912795556211
400,71.40048173819004,28.59951826180996
500,64.57258024873421,35.427419751265795
600,57.670943322027235,42.329056677972765
700,50.862704615838375,49.137295384161625
800,44.07412869291648,55.92587130708352
900,37.246227203460656,62.75377279653935
1000,30.467482672172245,69.53251732782776
1100,23.713316619967557,76.28668338003244
1200,16.905077913778698,83.0949220862213
1300,10.096839207589834,89.90316079241016
1400,7.117927542643661,92.88207245735633
