30,96.85395467728458,3.1460453227154304
60,94.76478395516885,5.235216044831146
100,92.0070786019761,7.99292139802389
200,85.09561028363565,14.904389716364353
300,78.22346753182913,21.77653246817087
400,71.3857346507398,28.614265349260187
500,64.57258024873421,35.427419751265795
600,57.759425846728604,42.240574153271396
700,50.92169296563929,49.07830703436071
800,44.10362286781694,55.89637713218306
900,37.27572137836111,62.724278621638895
1000,30.496976847072705,69.5030231529273
1100,23.72314801160104,76.27685198839896
1200,16.90999360959544,83.09000639040455
1300,10.096839207589834,89.90316079241016
1400,7.117927542643661,92.88207245735633
