30,98.0042274984024,1.9957725015976011
60,97.7191171410313,2.280882858968687
100,97.32094577987515,2.6790542201248586
200,96.33780661652656,3.6621933834734306
300,95.37433023644498,4.625669763555031
400,94.43051663963034,5.56948336036966
500,92.35609300496486,7.643906995035148
600,88.35471661013617,11.645283389863835
700,86.82101951531239,13.178980484687608
800,85.99518261809959,14.00481738190041
900,85.20867128742073,14.791328712579265
1000,84.38775008602468,15.612249913975324
1100,70.09782234675318,29.90217765324682
1200,40.141572039522195,59.8584279604778
1300,12.643169640662636,87.35683035933737
1400,7.147421717544118,92.85257828245588
