30,97.94523914860149,2.0547608513985156
60,97.66012879123039,2.339871208769601
100,97.26195743007423,2.7380425699257733
200,96.26898687509217,3.731013124907831
300,95.09413557489063,4.905864425109375
400,94.15523767389274,5.8447623261072605
500,65.34926018777958,34.65073981222042
600,87.75991741631027,12.240082583689722
700,86.78169394877845,13.218306051221552
800,85.94602565993216,14.053974340067837
900,85.20867128742073,14.791328712579265
1000,84.38775008602468,15.612249913975324
1100,23.4773632207639,76.5226367792361
1200,16.664208818758294,83.3357911812417
1300,9.851054416752692,90.14894558324731
1400,7.117927542643661,92.88207245735633
