30,96.96209998525292,3.0379000147470876
60,94.84835078405348,5.1516492159465175
100,92.12997099739468,7.870029002605319
200,85.3659735535565,14.634026446443492
300,78.36602271051467,21.633977289485326
400,71.46930147962443,28.53069852037556
500,64.50867620311655,35.49132379688345
600,57.81349850071278,42.186501499287225
700,50.8430418325714,49.1569581674286
800,44.04955021383277,55.95044978616723
900,37.07417784987465,62.925822150125356
1000,30.295433318586245,69.70456668141375
1100,23.619918399449443,76.38008160055055
1200,16.95915056776287,83.04084943223712
1300,10.229562994641892,89.7704370053581
1400,7.117927542643661,92.88207245735633
