30,96.8342918940176,3.165708105982402
60,94.55832473086565,5.441675269134346
100,91.7662095069557,8.23379049304429
200,84.83999410116502,15.16000589883498
300,78.01209261170918,21.98790738829081
400,71.19402251388685,28.80597748611316
500,64.38086811188124,35.619131888118766
600,57.56771370987563,42.43228629012437
700,50.72998082878632,49.27001917121368
800,43.92665781841419,56.07334218158581
900,37.10858772059185,62.89141227940816
1000,30.329843189303446,69.67015681069655
1100,23.556014353831785,76.44398564616822
1200,16.74285995182618,83.25714004817382
1300,9.929705549820579,90.07029445017942
1400,7.117927542643661,92.88207245735633
