30,97.80268396991593,2.197316030084058
60,97.2128004719068,2.787199528093202
100,95.9986236051713,4.0013763948286885
200,93.02954333185862,6.9704566681413755
300,78.40534827704862,21.594651722951383
400,88.68406822985794,11.315931770142065
500,86.2606301922037,13.739369807796292
600,57.823329892346266,42.17667010765374
700,51.039669665241114,48.960330334758886
800,44.044634518016025,55.955365481983975
900,70.43700535810844,29.56299464189156
1000,64.43985646168215,35.56014353831785
1100,23.82637762375264,76.17362237624737
1200,16.84117386816104,83.15882613183896
1300,10.018188074521948,89.98181192547806
1400,7.152337413360861,92.84766258663913
