30,97.77318979501548,2.2268102049845155
60,97.19313768863984,2.806862311360173
100,96.40171066214423,3.5982893378557734
200,94.43051663963034,5.56948336036966
300,92.48881679201692,7.511183207983089
400,90.7339133854397,9.266086614560292
500,89.2641203362336,10.735879663766406
600,87.75500172049352,12.244998279506463
700,86.24096740893673,13.759032591063264
800,84.74659588064691,15.253404119353094
900,83.22764587327336,16.772354126726636
1000,81.74802143243376,18.251978567566237
1100,80.26839699159416,19.73160300840584
1200,78.75927837585411,21.2407216241459
1300,77.25015976011404,22.749840239885955
1400,7.516098903799833,92.48390109620017
