30,97.96490193186845,2.035098068131544
60,97.67979157449737,2.32020842550263
100,97.2816202133412,2.7183797866588018
200,96.29848104999262,3.7015189500073737
300,95.33500466991103,4.664995330088974
400,94.38135968146291,5.618640318537089
500,93.3933048222976,6.606695177702404
600,92.35117730914811,7.64882269085189
700,91.30413410018188,8.69586589981812
800,90.29150076193285,9.70849923806715
900,89.25920464041685,10.74079535958315
1000,88.26131838961805,11.73868161038195
1100,87.89755689917908,12.10244310082092
1200,87.4059873175048,12.594012682495206
1300,86.91441773583051,13.085582264169492
1400,7.516098903799833,92.48390109620017
