30,97.67487587868062,2.325124121319373
60,95.74792311851743,4.252076881482574
100,95.5611266774812,4.438873322518803
200,96.05269625915548,3.947303740844516
300,95.09905127070736,4.900948729292631
400,94.16015336970949,5.839846630290517
500,88.73322518802537,11.266774811974635
600,87.75991741631027,12.240082583689722
700,86.78169394877845,13.218306051221552
800,85.94602565993216,14.053974340067837
900,85.20867128742073,14.791328712579265
1000,84.38775008602468,15.612249913975324
1100,23.610087007815956,76.38991299218404
1200,16.885415130511724,83.11458486948827
1300,9.895295679103377,90.10470432089662
1400,7.117927542643661,92.88207245735633
