30,97.94523914860149,2.0547608513985156
60,97.50774222091138,2.49225777908863
100,94.22897311114389,5.771026888856118
200,95.43823428206262,4.561765717937374
300,81.60055055793147,18.399449442068523
400,88.98392567467926,11.01607432532075
500,86.81610381949565,13.183896180504352
600,57.60212358059283,42.39787641940717
700,50.906945878189056,49.093054121810944
800,79.23118517426143,20.768814825738584
900,68.29376198200855,31.706238017991446
1000,55.78331612839798,44.21668387160202
1100,23.63466548689967,76.36533451310032
1200,16.90999360959544,83.09000639040455
1300,10.991495846237035,89.00850415376297
1400,7.147421717544118,92.85257828245588
