100.0
99.51586874663798
99.51586874663798
99.51586874663798
99.51586874663798
99.51586874663798
99.51586874663798
99.51586874663798
99.51586874663798
99.51586874663798
99.51586874663798
99.51586874663798
99.51586874663798
99.51586874663798
100.0
99.51586874663798
99.51586874663798
99.51586874663798
99.51586874663798
99.51586874663798
99.51586874663798
99.51586874663798
99.51586874663798
99.51586874663798
99.51586874663798
99.51586874663798
99.51586874663798
99.03173749327595
29.047875201721357
39.53738569123185
44.43249058633674
48.789671866594944
23.668639053254438
27.649273803119957
14.577729962345348
5.27165142549758
11.511565357719205
11.135018827326519
13.232920925228617
1.828940290478752
10.812264658418504
22.8617536309844
7.4233458848843465
6.670252824098978
12.802582033351264
10.704679935449166
5.056481979558903
2.0441097364174285
7.530930607853685
15.06186121570737
5.27165142549758
8.606777837547067
13.232920925228617
5.056481979558903
0.21516944593867668
5.110274341043572
0.5379236148466917
0.914470145239376
0.10758472296933834
0.32275416890801506
1.6137708445400751
11.834319526627219
3.1737493275954813
0.0
0.10758472296933834
1.183431952662722
0.8606777837547067
0.10758472296933834
0.5379236148466917
2.097902097902098
11.78052716514255
16.837009144701454
9.79020979020979
7.315761161915008
1.0758472296933834
5.701990317374932
14.201183431952662
13.179128563743948
12.641204948897256
5.594405594405594
12.910166756320601
5.486820871436256
2.797202797202797
5.056481979558903
13.663259817105972
17.859064012910167
13.878429263044648
8.391608391608392
4.034427111350189
7.79989241527703
15.761161915008067
1.183431952662722
5.164066702528241
25.228617536309844
11.081226465841851
31.19956966110812
36.90155997848306
51.96342119419043
50.24206562668101
34.53469607315761
33567
