100.00
83.00
52.56
98.12
37.44
99.73
35.83
99.73
35.83
99.73
43.95
91.61
59.12
76.44
74.23
61.59
89.13
46.42
99.73
35.83
99.73
35.83
99.73
35.83
99.73
50.13
85.42
65.30
0.00
58.26
60.68
59.23
40.51
33.78
19.31
11.40
18.07
19.20
30.61
7.64
18.61
32.87
13.88
13.18
23.45
17.54
15.44
8.02
15.81
23.83
14.74
15.87
19.80
11.83
0.54
5.86
0.65
8.18
1.18
1.78
3.50
17.16
4.30
0.00
0.32
9.25
6.24
2.47
11.19
5.59
25.66
28.03
17.97
15.71
10.70
25.34
27.92
21.41
19.31
15.55
17.75
12.96
12.10
14.42
36.09
24.64
19.63
15.28
9.09
16.51
19.42
3.71
9.58
30.98
15.38
35.83
50.46
58.36
68.53
42.82
