100.00
99.73
99.73
99.73
99.73
99.73
99.73
99.73
99.73
99.73
99.73
99.73
99.73
99.73
100.00
99.73
99.73
99.73
99.73
99.73
99.73
99.73
99.73
99.73
99.73
99.73
99.73
99.25
29.05
49.81
48.52
55.41
38.46
39.11
21.89
11.24
20.28
22.05
24.91
3.34
22.11
29.53
19.26
22.54
18.07
12.75
16.73
16.25
15.98
20.12
17.59
12.91
17.75
6.46
0.65
5.43
0.54
9.09
1.56
1.13
3.01
14.25
7.53
0.43
1.51
12.91
5.54
1.51
9.36
5.27
24.05
19.42
12.96
18.13
8.34
24.53
28.40
23.99
18.72
9.25
14.85
18.67
12.10
14.69
31.58
21.68
15.81
20.82
5.86
12.96
19.96
5.65
10.38
32.54
15.49
40.94
45.13
55.62
52.02
44.43
