100.0
99.73103819257665
99.73103819257665
98.11726734803658
37.43948359332975
68.10112963959118
67.45562130177515
68.10112963959118
67.45562130177515
68.31629908552985
75.36309844002152
75.36309844002152
75.36309844002152
75.41689080150618
69.17697686928456
67.77837547068316
67.77837547068316
67.83216783216784
67.83216783216784
67.77837547068316
67.77837547068316
67.83216783216784
67.83216783216784
67.77837547068316
74.5024206562668
75.36309844002152
75.41689080150618
75.41689080150618
0.0
39.32221624529317
52.662721893491124
59.65572888649812
41.47391070467993
36.20225927918236
20.817643894566974
12.694997310381925
17.05217859064013
16.245293168370093
24.9596557288865
2.366863905325444
21.893491124260358
23.61484669176977
15.384615384615385
14.093598708983324
13.663259817105972
12.42603550295858
20.118343195266274
18.612157073695535
23.50726196880043
13.824636901559979
12.96395911780527
7.20817643894567
17.64389456697149
11.78052716514255
2.4206562668101133
3.7116729424421733
0.5379236148466917
6.1861215707369555
0.9682625067240451
0.8606777837547067
2.797202797202797
13.071543840774611
4.733727810650888
0.10758472296933834
1.3986013986013985
9.252286175363098
2.63582571274879
0.9682625067240451
5.3792361484669176
5.9171597633136095
15.653577192038732
11.403980634749864
9.467455621301776
20.333512641204948
5.002689618074233
21.62452931683701
17.267348036578806
25.228617536309844
12.587412587412588
6.993006993006993
13.340505648197956
16.56804733727811
9.037116729424422
12.049488972565896
30.66164604626143
17.428725121032812
10.220548682087143
11.296395911780527
5.27165142549758
7.584722969338353
15.814954276492738
7.315761161915008
7.4233458848843465
29.585798816568047
12.910166756320601
45.34696073157611
36.09467455621302
53.362022592791824
36.256051640667025
42.87251210328134
