100.0
99.94620763851533
99.94620763851533
99.94620763851533
78.69822485207101
89.40290478752017
89.1877353415815
89.40290478752017
89.1877353415815
89.40290478752017
89.24152770306615
89.40290478752017
90.96288327057557
96.88004303388918
90.69392146315222
89.24152770306615
89.29532006455084
89.29532006455084
89.29532006455084
89.40290478752017
89.1877353415815
89.29532006455084
89.40290478752017
89.1877353415815
89.40290478752017
89.1877353415815
89.67186659494352
96.88004303388918
23.02313071543841
80.52716514254976
85.3146853146853
88.4884346422808
79.28994082840237
83.37816030123723
62.93706293706294
60.89295320064551
56.05164066702528
64.98117267348037
73.53415814954276
69.76869284561592
64.55083378160302
73.31898870360409
56.96611081226466
55.298547606239914
72.2431414739107
72.61968800430338
71.32867132867133
74.44862829478214
77.99892415277031
70.52178590640129
50.45723507261969
31.360946745562128
59.81710597095212
50.29585798816568
4.518558364712211
42.926304464766005
7.100591715976331
40.50564819795589
20.817643894566974
33.56643356643357
43.94835933297472
67.61699838622916
43.625605164066705
27.918235610543302
40.129101667563205
53.5771920387305
42.65734265734265
28.02582033351264
34.696073157611615
40.129101667563205
57.82678859601936
75.14792899408283
65.14254975793438
80.74233458848843
66.11081226465842
82.35610543302852
77.03066164604625
79.28994082840237
65.6266810112964
78.59064012910166
78.21409359870898
78.42926304464766
80.90371167294245
78.21409359870898
79.3975255513717
70.8445400753093
52.87789133942981
48.574502420656266
48.35933297471759
67.45562130177515
68.47767616998385
28.83270575578268
67.45562130177515
62.291554599246915
60.0322754168908
73.42657342657343
83.37816030123723
55.675094136632595
71.59763313609467
61.646046261430875
