100.0
99.56966110812265
99.56966110812265
58.31091984938139
44.97041420118343
52.124798278644434
51.15653577192039
53.14685314685315
59.225389994620755
59.27918235610543
59.27918235610543
59.225389994620755
59.225389994620755
59.27918235610543
53.03926842388381
51.640667025282404
51.640667025282404
51.69445938676708
51.69445938676708
51.640667025282404
51.640667025282404
52.124798278644434
58.90263582571274
59.27918235610543
59.225389994620755
59.225389994620755
59.27918235610543
59.27918235610543
0.0
21.678321678321677
35.98708983324368
48.89725658956428
31.845077998924154
24.098977945131793
8.875739644970414
2.9047875201721354
4.948897256589564
10.274341043571813
14.308768154922
1.6137708445400751
6.347498655190963
16.621839698762773
7.20817643894567
7.638515330823023
8.606777837547067
5.21785906401291
1.183431952662722
5.701990317374932
5.594405594405594
7.046799354491662
2.9585798816568047
4.733727810650888
13.770844540075307
1.506186121570737
0.5379236148466917
3.1199569661108124
0.5379236148466917
3.012372243141474
0.0
0.10758472296933834
0.9682625067240451
7.4233458848843465
1.506186121570737
0.0
0.10758472296933834
2.151694459386767
0.7530930607853685
0.10758472296933834
4.142011834319527
3.604088219472835
11.78052716514255
9.037116729424422
5.701990317374932
5.325443786982249
1.4523937600860677
4.303388918773534
10.597095212479827
8.122646584185047
7.530930607853685
4.410973641742872
8.929532006455084
3.1199569661108124
1.9365250134480902
6.1861215707369555
13.770844540075307
13.663259817105972
4.249596557288865
5.056481979558903
3.9806347498655192
5.21785906401291
10.973641742872513
1.0220548682087143
2.9047875201721354
24.79827864443249
3.442711135018827
34.696073157611615
29.101667563206025
52.44755244755245
31.414739107046803
30.33889187735341
