100.0
99.78483055406132
99.78483055406132
99.78483055406132
46.530392684238834
73.42657342657343
72.88864981172674
73.42657342657343
72.88864981172674
73.42657342657343
75.63206024744487
80.7961269499731
80.74233458848843
80.74233458848843
74.5024206562668
73.21140398063474
73.15761161915007
73.15761161915007
73.15761161915007
73.21140398063474
73.15761161915007
73.15761161915007
73.21140398063474
73.21140398063474
74.5024206562668
80.74233458848843
80.74233458848843
80.7961269499731
4.626143087681549
42.17321140398064
55.72888649811727
66.16460462614309
53.73856912318451
45.99246906939214
26.519634211941906
21.194190424959654
21.893491124260358
20.97902097902098
27.649273803119957
3.1199569661108124
26.84238838084992
29.209252286175364
17.1059709521248
16.99838622915546
23.238300161377083
20.817643894566974
28.07961269499731
23.668639053254438
31.46853146853147
18.23561054330285
16.51425497579344
8.714362560516406
19.257665411511564
15.868746637977408
2.63582571274879
15.169445938676706
1.6137708445400751
8.660570199031739
1.9365250134480902
3.2275416890801503
8.176438945669714
26.465841850457235
11.619150080688541
3.012372243141474
1.828940290478752
10.112963959117806
3.066164604626143
1.183431952662722
5.594405594405594
6.777837547068316
18.665949435180202
16.675632060247445
14.523937600860679
30.0161377084454
8.230231307154384
30.7154384077461
22.64658418504572
37.1705217859064
15.653577192038732
18.34319526627219
20.87143625605164
24.475524475524477
21.032813340505648
20.38730500268962
39.53738569123185
22.64658418504572
17.321140398063477
13.770844540075307
7.4233458848843465
9.84400215169446
23.238300161377083
8.230231307154384
11.188811188811188
31.091984938138783
21.51694459386767
48.84346422807961
41.42011834319527
53.63098440021516
41.85045723507262
48.14416352877892
