100.0
99.62345346960731
99.62345346960731
87.35879505110275
26.681011296395912
57.450242065626675
56.58956428187197
57.450242065626675
60.30123722431415
64.60462614308769
64.60462614308769
64.60462614308769
64.60462614308769
64.60462614308769
58.36471221086605
57.019903173749334
57.019903173749334
57.073695535233995
57.073695535233995
57.019903173749334
57.019903173749334
57.073695535233995
59.332974717590105
64.65841850457235
64.60462614308769
64.60462614308769
64.65841850457235
64.65841850457235
0.0
27.057557826788596
39.69876277568585
54.16890801506186
36.14846691769769
27.165142549757938
9.521247982786445
4.088219472834857
6.024744486282948
10.812264658418504
15.384615384615385
2.0441097364174285
9.79020979020979
18.558364712210864
10.758472296933835
13.878429263044648
8.714362560516406
6.616460462614309
7.100591715976331
7.4233458848843465
9.14470145239376
9.628832705755782
3.1737493275954813
5.809575040344271
14.201183431952662
1.506186121570737
0.5379236148466917
3.1199569661108124
0.5379236148466917
3.604088219472835
0.0
0.43033889187735336
1.183431952662722
7.4233458848843465
1.9365250134480902
0.0
0.10758472296933834
2.6896180742334588
0.7530930607853685
0.21516944593867668
4.195804195804196
3.604088219472835
13.12533620225928
9.14470145239376
5.701990317374932
6.401291016675632
2.5282409897794516
11.350188273265196
12.157073695535233
9.521247982786445
9.037116729424422
4.518558364712211
9.037116729424422
4.410973641742872
2.0441097364174285
6.724045185583647
16.35287789133943
15.06186121570737
4.249596557288865
6.777837547068316
3.9806347498655192
5.27165142549758
11.941904249596558
1.0220548682087143
3.28133405056482
26.627218934911244
4.626143087681549
37.00914470145239
31.629908552985476
53.14685314685315
33.83539537385691
34.96503496503497
