100.0
99.89241527703066
99.89241527703066
99.89241527703066
67.93975255513716
84.07746100053792
83.7547068316299
84.07746100053792
83.7547068316299
84.07746100053792
83.7547068316299
84.07746100053792
90.9090909090909
91.50080688542226
85.26089295320065
83.91608391608392
83.91608391608392
83.91608391608392
83.91608391608392
83.91608391608392
83.91608391608392
84.07746100053792
83.7547068316299
83.91608391608392
84.07746100053792
83.7547068316299
89.67186659494352
91.50080688542226
16.51425497579344
55.40613232920926
73.96449704142012
83.05540613232921
69.55352339967725
66.75632060247445
46.04626143087682
38.67670790747714
40.02151694459386
43.302850995158686
50.45723507261969
38.78429263044648
49.70414201183432
53.899946207638514
34.58848843464228
30.17751479289941
50.51102743410436
55.94405594405595
56.42818719741797
51.69445938676708
60.35502958579882
44.324905863367405
38.891877353415815
15.223238300161377
33.29747175901022
42.065626681011295
3.442711135018827
31.845077998924154
3.5502958579881656
17.805271651425496
12.157073695535233
20.38730500268962
28.56374394835933
51.74825174825175
30.446476600322754
16.191500806885422
18.558364712210864
26.30446476600323
23.130715438407744
11.619150080688541
14.577729962345348
20.92522861753631
35.98708983324368
47.713824636901556
38.353953738569125
63.47498655190963
38.94566971490048
65.57288864981172
50.134480903711676
59.44055944055944
45.23937600860678
56.75094136632598
52.60892953200646
55.782678859601944
59.01022054868209
59.97848305540613
64.12049488972565
42.33458848843464
39.9677245831092
22.807961269499728
22.001075847229693
39.429800968262505
49.75793437331899
18.504572350726196
41.04357181280258
43.35664335664335
40.29047875201721
61.21570736955352
68.80043033889189
54.22270037654653
61.807423345884885
57.88058095750404
