100.0
99.677245831092
99.677245831092
92.73803119956966
32.060247444862824
62.77568585260893
62.02259279182356
62.77568585260893
62.02259279182356
68.31629908552985
69.9838622915546
69.9838622915546
69.9838622915546
69.9838622915546
64.12049488972565
62.02259279182356
62.39913932221624
62.45293168370092
62.39913932221624
62.39913932221624
62.45293168370092
62.45293168370092
62.39913932221624
66.91769768692846
69.9838622915546
70.03765465303927
70.03765465303927
69.9838622915546
0.0
32.86713286713287
47.87520172135557
56.26681011296396
38.46153846153847
30.66164604626143
10.704679935449166
10.866057019903174
10.48951048951049
13.340505648197956
19.68800430338892
2.2592791823561056
15.438407746100054
21.463152232383003
13.663259817105972
14.093598708983324
8.714362560516406
8.768154922001075
13.555675094136632
12.157073695535233
15.653577192038732
9.84400215169446
10.43571812802582
6.777837547068316
16.030123722431412
6.670252824098978
1.7213555675094134
3.5502958579881656
0.5379236148466917
3.604088219472835
0.32275416890801506
0.8606777837547067
1.9365250134480902
7.746100053792361
3.335126412049489
0.10758472296933834
0.8606777837547067
8.176438945669714
1.3448090371167294
0.21516944593867668
5.164066702528241
3.9268423883808503
14.362560516406669
9.306078536847767
5.9171597633136095
10.166756320602474
3.4965034965034967
15.330823023130716
14.739107046799354
15.277030661646046
9.897794513179129
5.056481979558903
9.575040344271113
10.866057019903174
4.195804195804196
7.746100053792361
24.04518558364712
15.169445938676706
4.357181280258203
10.54330285099516
4.303388918773534
5.540613232920926
12.910166756320601
3.657880580957504
5.755782678859602
28.88649811726735
9.359870898332437
41.79666487358795
33.781603012372244
53.25443786982249
35.180204410973644
37.11672942442173
