100.0
99.838622915546
99.838622915546
99.838622915546
57.235072619688
78.75201721355567
78.32167832167832
78.75201721355567
78.32167832167832
78.75201721355567
78.375470683163
83.48574502420657
86.12157073695535
86.12157073695535
79.88165680473372
78.536847767617
78.536847767617
78.59064012910166
78.536847767617
78.536847767617
78.536847767617
78.75201721355567
78.32167832167832
78.536847767617
78.75201721355567
81.87197417966648
86.12157073695535
86.12157073695535
9.951586874663798
46.530392684238834
62.02259279182356
74.5024206562668
58.74125874125874
52.824098977945134
35.44916621839699
27.756858526089296
30.66164604626143
30.446476600322754
37.54706831629909
11.72673480365788
38.08499193114578
45.29316837009144
24.15277030661646
21.301775147928996
28.725121032813338
34.696073157611615
36.84776761699838
34.58848843464228
43.14147391070468
23.937600860677787
22.32383001613771
10.758472296933835
24.098977945131793
27.972027972027973
3.1199569661108124
22.754168908015064
3.335126412049489
11.02743410435718
6.4550833781603005
10.758472296933835
19.203873050026896
36.955352339967725
17.966648735879506
5.110274341043572
7.369553523399677
16.137708445400754
7.584722969338353
4.518558364712211
9.682625067240453
13.179128563743948
24.314147391070467
27.59548144163529
23.345884884346425
41.58149542764927
18.181818181818183
42.54975793437332
32.75954814416353
46.26143087681549
20.87143625605164
33.67401828940291
31.683700914470148
37.22431414739107
36.90155997848306
38.94566971490048
47.498655190962886
25.551371705217857
28.83270575578268
15.59978483055406
12.587412587412588
17.482517482517483
35.39537385691232
10.812264658418504
18.181818181818183
35.771920387305
28.456159225389992
55.137170521785904
51.586874663797744
54.22270037654653
48.25174825174825
52.77030661646046
