100.0
99.51586874663798
99.51586874663798
46.26143087681549
46.26143087681549
46.36901559978483
46.31522323830016
53.14685314685315
53.899946207638514
53.899946207638514
53.899946207638514
53.899946207638514
53.899946207638514
53.899946207638514
47.66003227541689
46.31522323830016
46.31522323830016
46.31522323830016
46.31522323830016
46.31522323830016
46.31522323830016
51.74825174825175
53.899946207638514
53.899946207638514
53.899946207638514
53.899946207638514
53.899946207638514
53.899946207638514
0.0
16.137708445400754
33.082302313071544
47.498655190962886
29.37062937062937
16.191500806885422
7.907477138246369
2.797202797202797
4.948897256589564
8.875739644970414
12.910166756320601
1.506186121570737
5.3792361484669176
14.846691769768693
6.4550833781603005
6.132329209252286
8.391608391608392
5.21785906401291
1.183431952662722
1.2910166756320602
5.3792361484669176
6.293706293706294
2.9585798816568047
4.733727810650888
12.910166756320601
1.3986013986013985
0.5379236148466917
3.1199569661108124
0.5379236148466917
2.63582571274879
0.0
0.10758472296933834
0.8606777837547067
7.4233458848843465
1.3986013986013985
0.0
0.10758472296933834
1.6137708445400751
0.7530930607853685
0.10758472296933834
0.43033889187735336
3.4965034965034967
10.43571812802582
9.037116729424422
5.701990317374932
4.195804195804196
1.0758472296933834
3.1737493275954813
9.198493813878429
7.584722969338353
7.4233458848843465
3.442711135018827
8.929532006455084
3.1199569661108124
1.828940290478752
6.1861215707369555
12.748789671866595
13.12533620225928
4.142011834319527
5.056481979558903
3.8730500268961805
4.464766003227542
10.650887573964498
0.914470145239376
2.5820333512641205
22.969338353953738
2.4206562668101133
31.091984938138783
28.02582033351264
51.102743410435714
28.778913394298012
26.358257127487896
