100.0
99.94620763851533
99.94620763851533
99.94620763851533
89.40290478752017
94.78214093598709
94.56697149004842
94.78214093598709
94.56697149004842
94.78214093598709
94.67455621301775
94.67455621301775
94.56697149004842
98.65519096288327
96.12694997310382
94.56697149004842
94.67455621301775
94.78214093598709
94.62076385153308
94.78214093598709
94.56697149004842
94.78214093598709
94.62076385153308
94.78214093598709
94.56697149004842
94.78214093598709
94.56697149004842
97.25658956428187
33.67401828940291
86.06777837547068
91.23184507799891
93.81387842926304
87.7891339429801
91.82356105433028
79.2361484669177
81.87197417966648
64.71221086605702
77.24583109198494
84.34642280796128
84.02366863905326
83.21678321678321
88.59601936525013
81.06508875739645
82.30231307154384
87.46637977407208
87.7891339429801
87.25121032813341
87.19741796664874
89.1877353415815
86.01398601398601
65.08875739644971
75.0403442711135
85.90640129101668
74.71759010220549
39.429800968262505
66.97149004841313
48.628294782140934
64.44324905863368
66.91769768692846
62.56051640667025
66.05701990317375
77.24583109198494
67.45562130177515
56.320602474448634
52.98547606239914
84.34642280796128
70.3066164604626
64.49704142011834
71.92038730500269
72.99623453469607
82.94782140935986
88.00430338891877
83.2705755782679
92.3076923076923
83.5933297471759
93.97525551371704
90.15599784830553
90.85529854760624
86.22915545992468
91.12426035502959
91.39322216245293
92.89940828402366
89.99462076385153
88.4884346422808
92.95320064550833
83.86229155459924
65.7880580957504
75.57826788596019
78.96718665949435
83.48574502420657
80.04303388918773
67.29424421732114
83.05540613232921
79.55890263582572
74.8789671866595
85.85260892953201
93.00699300699301
56.912318450779985
82.51748251748252
66.37977407208176
