59.70
49.62
49.62
49.62
49.62
34.95
25.45
26.00
26.00
26.00
26.00
26.00
26.00
26.00
26.00
26.00
26.00
26.00
26.00
26.00
26.00
26.00
26.00
26.00
26.00
25.18
25.18
25.18
25.18
25.18
25.18
25.70
26.00
26.00
26.00
26.00
26.00
26.00
26.00
26.00
26.00
26.00
26.00
26.00
26.00
26.00
26.00
26.00
26.00
25.76
25.18
25.18
25.18
25.18
25.18
25.18
25.94
26.00
26.00
26.00
26.00
26.00
26.00
26.00
26.00
26.00
26.00
26.00
26.00
26.00
26.00
26.00
26.00
26.00
25.51
25.18
25.18
25.18
25.18
25.18
25.36
26.00
26.00
26.00
26.00
26.00
26.00
26.00
26.00
26.00
26.00
26.00
26.00
26.00
26.00
26.00
26.00
26.00
26.00
25.27
