100,95.23379918724358,4.766200812756432
200,90.37171137964376,9.628288620356242
300,85.5569398651561,14.443060134843911
400,80.74216835066842,19.257831649331575
500,75.92739683618076,24.07260316381924
600,71.11262532169309,28.88737467830691
700,66.29785380720541,33.70214619279457
800,61.48308229271776,38.516917707282246
900,56.668310778230094,43.331689221769906
1000,51.85353926374242,48.14646073625758
1100,46.79094678246698,53.20905321753302
1200,41.716562860172075,58.28343713982792
1300,36.64217893787717,63.35782106212283
1400,31.567795015582263,68.43220498441774
1500,26.493411093287357,73.50658890671265
1600,21.419027170992454,78.58097282900755
1700,16.344643248697547,83.65535675130246
1800,11.270259326402641,88.72974067359736
1900,6.195875404107737,93.80412459589226
2000,1.122745890431923,98.87725410956809
2100,0.10040286587210752,99.89959713412789
