10.04064428721963
0.0
0.0
0.0
0.0
0.0
0.0
0.0
0.0
0.0
0.0
0.0
0.0
0.0
0.0
0.0
0.0
0.0
0.0
0.0
0.0
0.0
0.0
0.0
0.0
0.0
0.0
0.0
0.0
0.0
0.0
0.0
0.0
0.0
0.0
0.0
0.0
0.0
0.0
0.0
0.0
0.0
0.0
0.0
0.0
0.0
0.0
0.0
0.0
0.0
0.0
0.0
0.0
0.0
0.0
0.0
0.0
0.0
0.0
0.0
0.0
0.0
0.0
0.0
0.0
0.0
0.0
0.0
0.0
0.0
0.0
0.0
0.0
0.0
0.0
0.0
0.0
0.0
0.0
0.0
0.0
0.0
0.0
0.0
0.0
0.0
0.0
0.0
0.0
0.0
0.0
0.0
0.0
0.0
0.0
0.0
0.0
0.0
0.0
0.0
77
1.053740779768177
1.053740779768177
0.9483667017913594
1.053740779768177
1.053740779768177
1.053740779768177
1.053740779768177
1.053740779768177
1.053740779768177
1.053740779768177
1.053740779768177
1.053740779768177
1.053740779768177
1.053740779768177
1.053740779768177
1.053740779768177
1.053740779768177
1.053740779768177
1.053740779768177
1.053740779768177
1.053740779768177
1.053740779768177
1.053740779768177
1.053740779768177
1.053740779768177
1.053740779768177
0.9483667017913594
1.053740779768177
1.053740779768177
1.053740779768177
1.053740779768177
1.053740779768177
1.053740779768177
1.053740779768177
1.053740779768177
1.053740779768177
1.053740779768177
1.053740779768177
1.053740779768177
1.053740779768177
1.053740779768177
1.053740779768177
1.053740779768177
1.053740779768177
1.053740779768177
1.053740779768177
1.053740779768177
1.053740779768177
1.053740779768177
1.053740779768177
1.053740779768177
0.9483667017913594
1.053740779768177
1.053740779768177
1.053740779768177
1.053740779768177
1.053740779768177
1.053740779768177
1.053740779768177
1.053740779768177
1.053740779768177
1.053740779768177
1.053740779768177
1.053740779768177
1.053740779768177
1.053740779768177
1.053740779768177
1.053740779768177
1.053740779768177
1.053740779768177
1.053740779768177
1.053740779768177
1.053740779768177
1.053740779768177
1.053740779768177
1.053740779768177
0.9483667017913594
