100,0.0012654474149398059,0.0
200,0.002570032378795276,0.0
300,0.0038485256433736367,0.0
400,0.005127018907951997,0.0
500,0.0064055121725303575,0.0
600,0.007684005437108719,0.0
700,0.00896249870168708,0.0
800,0.01024099196626544,0.0
900,0.0115194852308438,0.0
1000,0.012797978495422161,0.0
1100,0.011741766438146867,0.0001435043460241017
1200,0.010437181474291396,0.00015655019566265642
1300,0.009132596510435928,0.0001695960453012111
1400,0.007828011546580457,0.0001826418949397658
1500,0.006523426582724987,0.00019568774457832052
1600,0.0052188416188695165,0.0002087335942168752
1700,0.003914256655014047,0.00022177944385542991
1800,0.002609671691158577,0.0002348252934939846
1900,0.0013050867273031069,0.00024787114313253933
2000,5.017634476367193e-07,0.000248372906580176
2100,0.0,0.0
