51.81393948517237
25.294796527673242
32.07888002408551
49.11937377690802
49.11937377690802
49.11937377690802
49.11937377690802
49.11937377690802
49.11937377690802
49.40538913141653
49.52581664910432
49.52581664910432
49.52581664910432
49.52581664910432
49.52581664910432
49.52581664910432
49.52581664910432
49.52581664910432
49.38531787846856
49.52079883586733
49.52581664910432
49.52581664910432
49.18962316222591
49.11937377690802
49.11937377690802
49.11937377690802
49.11937377690802
49.11937377690802
49.11937377690802
49.11937377690802
49.11937377690802
49.11937377690802
49.11937377690802
49.11937377690802
49.52581664910432
49.52581664910432
49.52581664910432
49.52581664910432
49.52581664910432
49.52581664910432
49.52581664910432
49.52581664910432
49.52581664910432
49.380300065231566
49.52581664910432
49.52581664910432
49.475638516734406
49.11937377690802
49.11937377690802
49.11937377690802
49.11937377690802
49.11937377690802
49.11937377690802
49.11937377690802
49.11937377690802
49.11937377690802
49.11937377690802
49.11937377690802
49.239801294595814
49.52581664910432
49.52581664910432
49.52581664910432
49.52581664910432
49.52581664910432
49.52581664910432
49.52581664910432
49.52581664910432
49.52581664910432
49.380300065231566
49.52581664910432
49.52581664910432
49.35521099904662
49.11937377690802
49.11937377690802
49.11937377690802
49.11937377690802
49.11937377690802
49.11937377690802
49.11937377690802
49.11937377690802
49.11937377690802
49.11937377690802
49.11937377690802
49.36022881228361
49.52581664910432
49.52581664910432
49.52581664910432
49.52581664910432
49.52581664910432
49.52581664910432
49.52581664910432
49.52581664910432
49.43047819760149
49.475638516734406
49.52581664910432
49.52581664910432
49.234783481358825
49.11937377690802
49.11937377690802
49.11937377690802
