100,99.77847143786839,0.22152856213161154
200,99.6530305759592,0.3469694240407914
300,99.47891865962927,0.521081340370733
400,99.30480674329932,0.6951932567006746
500,99.13069482696937,0.8693051730306162
600,98.94694905244482,1.0530509475551828
700,98.76320327792025,1.2367967220797491
800,98.5791564453271,1.420843554672898
900,98.39596261059494,1.6040373894050644
1000,98.2128691285523,1.7871308714477028
1100,98.03308728526406,1.9669127147359393
1200,97.85290403121772,2.1470959687822853
1300,97.67372430406664,2.3262756959333575
1400,97.49469510594986,2.5053048940501395
1500,97.31511396804068,2.684886031959321
1600,97.13603459357914,2.863965406420866
1700,96.95695521911759,3.0430447808824113
1800,96.77787584465605,3.2221241553439564
1900,96.5987964701945,3.4012035298055014
2000,96.41966691938819,3.5803330806118105
2100,0.10040286587210752,99.89959713412789
