18.670649738610905
75.65347274085138
67.96116504854369
72.29275578790141
66.24346527259148
88.57356235997013
71.02315160567588
76.99775952203136
59.522031366691564
65.49663928304706
61.91187453323376
59.89544436146378
53.547423450336076
50.410754294249436
67.88648244958925
63.40552651232263
63.7042569081404
67.21433905899926
56.90814040328603
50.78416728902165
49.887976101568334
48.17027632561613
63.629574309185955
62.808065720687075
70.27632561613144
61.01568334578044
70.94846900672144
60.41822255414488
67.6624346527259
60.044809559372666
58.17774458551157
58.47647498132935
27.781926811053026
43.46527259148618
57.72964899178491
47.64749813293503
4.480955937266617
40.62733383121733
26.288274831964152
4.1075429424943986
41.000746825989545
38.536221060492906
19.940253920836444
45.85511575802838
39.731142643764
47.498132935026135
64.22703510082151
59.89544436146378
26.362957430918595
36.89320388349515
41.224794622852876
43.01717699775952
41.000746825989545
32.7109783420463
37.789395070948466
8.513816280806571
39.88050784167289
28.0806572068708
40.02987303958177
65.49663928304706
73.71172516803584
58.47647498132935
66.69156086631814
67.43838685586259
52.27781926811053
65.4219566840926
66.54219566840926
66.6168782673637
79.01418969380134
66.54219566840926
58.40179238237491
71.02315160567588
62.35997012696042
65.79536967886483
65.49663928304706
68.63330843913367
61.83719193427931
74.68259895444362
72.14339058999253
62.808065720687075
58.775205377147124
49.141150112023894
45.18297236743838
34.503360716952955
46.452576549663924
61.91187453323376
71.32188200149365
46.601941747572816
35.39955190440627
61.83719193427931
48.39432412247946
76.69902912621359
57.50560119492158
63.77893950709485
73.7864077669903
60.71695294996265
65.27259148618371
75.28005974607916
70.79910380881255
55.6385362210605
