16.803584764749814
45.25765496639283
51.60567587752054
39.80582524271845
42.56908140403286
48.76773711725168
15.758028379387603
25.24271844660194
22.10604929051531
16.13144137415982
4.929051530993279
12.62135922330097
12.696041822255413
6.348020911127707
20.761762509335323
20.911127707244212
8.812546676624347
10.455563853622106
21.583271097834206
15.608663181478716
8.88722927557879
7.542942494398805
17.10231516056759
18.670649738610905
20.164301717699775
8.588498879761016
7.094846900672143
3.7341299477221805
11.35175504107543
14.115011202389843
22.92755787901419
3.8834951456310676
10.231516056758776
6.422703510082151
15.384615384615385
10.604929051530993
0.8961911874533234
9.185959671396565
4.032860343539955
0.14936519790888725
2.165795369678865
0.9708737864077669
0.4480955937266617
0.597460791635549
3.6594473487677375
5.37714712471994
17.625093353248694
12.098581030619865
0.07468259895444362
0.0
0.14936519790888725
3.136669156086632
4.33159073935773
3.9581777445855115
0.14936519790888725
0.0
5.4518297236743845
2.912621359223301
5.8999253174010455
21.433905899925318
24.122479462285288
16.579536967886483
30.470500373412996
11.949215832710978
3.136669156086632
7.617625093353249
20.014936519790886
24.943988050784167
26.064227035100824
15.982076176250933
17.625093353248694
10.75429424943988
9.70873786407767
19.64152352501867
6.273338312173264
5.675877520537715
1.194921583271098
14.86183719193428
15.982076176250933
16.803584764749814
13.218820014936519
12.023898431665422
8.961911874533234
2.2404779686333085
7.542942494398805
7.617625093353249
16.728902165795372
5.003734129947722
3.6594473487677375
4.7050037341299475
11.202389843166543
41.224794622852876
5.526512322628827
31.889469753547424
44.58551157580284
42.71844660194174
56.684092606422695
71.09783420463032
42.71844660194174
36.96788648244959
