20,75.71570686415386,24.284293135846134
35,57.28970929589919,42.71029070410081
50,46.73372388637117,53.26627611362883
80,27.976124682215097,72.0238753177849
100,22.48259091411518,77.51740908588482
200,16.281640322758925,83.71835967724107
300,14.977340554880069,85.02265944511993
400,14.380457610257544,85.61954238974245
500,14.093069525809659,85.90693047419033
600,13.827788217088537,86.17221178291146
700,13.717254338454737,86.28274566154526
800,13.628827235547694,86.37117276445231
900,13.606720459820934,86.39327954017907
