20,75.29567812534542,24.704321874654582
35,57.28970929589919,42.71029070410081
50,45.93787996020781,54.06212003979219
80,28.606167790427765,71.39383220957224
100,22.48259091411518,77.51740908588482
200,15.77318448104344,84.22681551895656
300,14.95523377915331,85.0447662208467
400,14.380457610257544,85.61954238974245
500,14.093069525809659,85.90693047419033
600,13.827788217088537,86.17221178291146
700,13.717254338454737,86.28274566154526
800,13.628827235547694,86.37117276445231
900,13.606720459820934,86.39327954017907
