20,75.64938653697358,24.35061346302642
35,57.33392284735272,42.66607715264728
50,48.53542610810213,51.46457389189787
80,28.561954238974245,71.43804576102576
100,23.201061125234883,76.79893887476511
200,16.215319995578646,83.78468000442135
300,14.94418039128993,85.05581960871007
400,14.369404222394163,85.63059577760583
500,14.093069525809659,85.90693047419033
600,13.827788217088537,86.17221178291146
700,14.170443240853322,85.82955675914667
800,13.838841604951918,86.16115839504809
900,13.573560296230793,86.4264397037692
