20,75.67149331270035,24.328506687299658
35,57.57709738034708,42.42290261965292
50,44.95412844036697,55.04587155963303
80,27.16922736818835,72.83077263181164
100,22.593124792748977,77.40687520725102
200,15.7400243174533,84.25997568254671
300,14.95523377915331,85.0447662208467
400,14.380457610257544,85.61954238974245
500,14.137283077263183,85.86271692273681
600,13.827788217088537,86.17221178291146
700,13.717254338454737,86.28274566154526
800,13.628827235547694,86.37117276445231
900,13.606720459820934,86.39327954017907
