0.0
87.77777777777777
32.22222222222222
12.222222222222221
8.88888888888889
15.555555555555555
3.3333333333333335
22.22222222222222
13.333333333333334
12.222222222222221
7.777777777777778
4.444444444444445
2.2222222222222223
3.3333333333333335
5.555555555555555
6.666666666666667
4.444444444444445
2.2222222222222223
6.666666666666667
4.444444444444445
11.11111111111111
1.1111111111111112
6.666666666666667
2.2222222222222223
5.555555555555555
15.555555555555555
17.77777777777778
7.777777777777778
5.555555555555555
15.555555555555555
18.88888888888889
36.666666666666664
7.777777777777778
15.555555555555555
13.333333333333334
20.0
11.11111111111111
12.222222222222221
11.11111111111111
17.77777777777778
8.88888888888889
10.0
12.222222222222221
7.777777777777778
15.555555555555555
14.444444444444443
11.11111111111111
7.777777777777778
13.333333333333334
24.444444444444443
17.77777777777778
18.88888888888889
10.0
33.33333333333333
33.33333333333333
36.666666666666664
16.666666666666664
11.11111111111111
6.666666666666667
14.444444444444443
35.55555555555556
17.77777777777778
43.333333333333336
13.333333333333334
16.666666666666664
15.555555555555555
24.444444444444443
10.0
15.555555555555555
14.444444444444443
14.444444444444443
18.88888888888889
10.0
5.555555555555555
48.888888888888886
6.666666666666667
62.22222222222222
2.2222222222222223
2.2222222222222223
4.444444444444445
4.444444444444445
4.444444444444445
2.2222222222222223
2.2222222222222223
5.555555555555555
6.666666666666667
10.0
2.2222222222222223
5.555555555555555
3.3333333333333335
2.2222222222222223
4.444444444444445
7.777777777777778
11.11111111111111
13.333333333333334
12.222222222222221
13.333333333333334
13.333333333333334
13.333333333333334
3.3333333333333335
3.3333333333333335
3333333335
