20,89.88615010500719,10.113849894992816
35,82.77882170885377,17.221178291146234
50,73.89189786669614,26.108102133303856
80,45.61733171216978,54.382668287830214
100,27.8655908035813,72.1344091964187
200,18.083342544489884,81.9166574555101
300,16.303747098485687,83.69625290151431
400,15.452636233005416,84.5473637669946
500,14.634685531115288,85.36531446888472
600,14.269923731623743,85.73007626837625
700,14.015695810766,85.984304189234
800,14.413617773847683,85.58638222615231
900,13.661987399137837,86.33801260086217
