20,75.27357134961866,24.72642865038134
35,57.80921852547806,42.19078147452194
50,45.76102575439372,54.23897424560627
80,28.672488117608047,71.32751188239196
100,22.78103238642644,77.21896761357357
200,15.80634464463358,84.19365535536642
300,14.95523377915331,85.0447662208467
400,14.369404222394163,85.63059577760583
500,14.137283077263183,85.86271692273681
600,13.827788217088537,86.17221178291146
700,13.717254338454737,86.28274566154526
800,13.628827235547694,86.37117276445231
900,13.606720459820934,86.39327954017907
