20,75.25146457389191,24.748535426108102
35,57.56604399248369,42.43395600751631
50,46.932684867912016,53.06731513208799
80,28.495633911793966,71.50436608820604
100,22.283629932574335,77.71637006742567
200,15.8505581960871,84.1494418039129
300,14.95523377915331,85.0447662208467
400,14.369404222394163,85.63059577760583
500,14.137283077263183,85.86271692273681
600,13.827788217088537,86.17221178291146
700,13.717254338454737,86.28274566154526
800,13.628827235547694,86.37117276445231
900,13.606720459820934,86.39327954017907
