20,83.58571902288051,16.414280977119486
35,71.59279319111307,28.407206808886926
50,61.36840941748646,38.63159058251354
80,38.58737703106002,61.41262296893998
100,27.26870785895877,72.73129214104122
200,17.69647396927158,82.30352603072842
300,15.5742234995026,84.4257765004974
400,15.02155410633359,84.9784458936664
500,14.225710180170223,85.77428981982978
600,13.971482259312479,86.02851774068752
700,13.772521277771638,86.22747872222837
800,13.849894992815297,86.1501050071847
900,13.606720459820934,86.39327954017907
