20,97.29191997347188,2.708080026528131
35,94.97070852216204,5.029291477837957
50,87.57599204156074,12.424007958439262
80,28.539847463247487,71.46015253675252
100,22.416270586934893,77.5837294130651
200,16.867469879518072,83.13253012048193
300,15.651597214546259,84.34840278545374
400,14.933127003426549,85.06687299657345
500,14.258870343760362,85.74112965623964
600,14.159389852989943,85.84061014701005
700,13.706200950591358,86.29379904940865
800,13.838841604951918,86.16115839504809
900,13.573560296230793,86.4264397037692
