20,75.27357134961866,24.72642865038134
35,57.853432076931576,42.146567923068424
50,46.49054935337681,53.50945064662319
80,31.026859732508015,68.97314026749198
100,24.494307505250358,75.50569249474964
200,15.7952912567702,84.2047087432298
300,14.95523377915331,85.0447662208467
400,14.369404222394163,85.63059577760583
500,14.137283077263183,85.86271692273681
600,13.827788217088537,86.17221178291146
700,13.717254338454737,86.28274566154526
800,13.628827235547694,86.37117276445231
900,13.606720459820934,86.39327954017907
