20,84.58052393058473,15.419476069415275
35,58.08555322206256,41.914446777937435
50,45.67259865148668,54.32740134851331
80,28.672488117608047,71.32751188239196
100,22.78103238642644,77.21896761357357
200,15.75107770531668,84.24892229468331
300,14.94418039128993,85.05581960871007
400,14.369404222394163,85.63059577760583
500,14.137283077263183,85.86271692273681
600,13.827788217088537,86.17221178291146
700,13.717254338454737,86.28274566154526
800,13.628827235547694,86.37117276445231
900,13.606720459820934,86.39327954017907
