20,75.25146457389191,24.748535426108102
35,59.64408091079916,40.35591908920084
50,47.37482038244722,52.625179617552774
80,30.275229357798167,69.72477064220183
100,25.146457389189784,74.85354261081021
200,15.86161158395048,84.13838841604951
300,14.95523377915331,85.0447662208467
400,14.369404222394163,85.63059577760583
500,14.137283077263183,85.86271692273681
600,13.827788217088537,86.17221178291146
700,13.717254338454737,86.28274566154526
800,13.628827235547694,86.37117276445231
900,13.606720459820934,86.39327954017907
