20,77.18580744998343,22.81419255001658
35,67.33723886371172,32.66276113628827
50,46.822150989278214,53.177849010721786
80,28.81618215983199,71.183817840168
100,22.294683320437713,77.70531667956229
200,15.83950480822372,84.16049519177628
300,14.94418039128993,85.05581960871007
400,14.369404222394163,85.63059577760583
500,14.137283077263183,85.86271692273681
600,13.827788217088537,86.17221178291146
700,13.717254338454737,86.28274566154526
800,13.628827235547694,86.37117276445231
900,13.606720459820934,86.39327954017907
