20,75.29567812534542,24.704321874654582
35,57.74289819829777,42.25710180170223
50,45.51785122139936,54.48214877860064
80,28.606167790427765,71.39383220957224
100,22.48259091411518,77.51740908588482
200,15.7400243174533,84.25997568254671
300,14.94418039128993,85.05581960871007
400,14.380457610257544,85.61954238974245
500,14.093069525809659,85.90693047419033
600,13.827788217088537,86.17221178291146
700,13.717254338454737,86.28274566154526
800,13.628827235547694,86.37117276445231
900,13.606720459820934,86.39327954017907
