20,75.59411959765669,24.405880402343318
35,59.423013153531556,40.576986846468444
50,54.261081021333034,45.73891897866696
80,28.506687299657347,71.49331270034266
100,23.245274676688403,76.75472532331159
200,16.215319995578646,83.78468000442135
300,15.109981209240633,84.89001879075937
400,14.933127003426549,85.06687299657345
500,14.258870343760362,85.74112965623964
600,14.159389852989943,85.84061014701005
700,13.706200950591358,86.29379904940865
800,13.838841604951918,86.16115839504809
900,13.573560296230793,86.4264397037692
