20,75.79308057919752,24.206919420802475
35,57.588150768210454,42.411849231789546
50,44.95412844036697,55.04587155963303
80,27.16922736818835,72.83077263181164
100,22.449430750525035,77.55056924947496
200,15.7400243174533,84.25997568254671
300,14.524151652481484,85.47584834751851
400,14.247816955896983,85.75218304410302
500,14.170443240853322,85.82955675914667
600,14.093069525809659,85.90693047419033
700,13.673040787001217,86.32695921299879
800,13.639880623411074,86.36011937658893
900,13.529346744777273,86.47065325522273
