20,77.18580744998343,22.81419255001658
35,68.01149552337792,31.988504476622087
50,46.56792306842047,53.43207693157953
80,28.783021996241846,71.21697800375814
100,22.49364430197856,77.50635569802145
200,15.83950480822372,84.16049519177628
300,14.94418039128993,85.05581960871007
400,14.369404222394163,85.63059577760583
500,14.137283077263183,85.86271692273681
600,13.827788217088537,86.17221178291146
700,13.717254338454737,86.28274566154526
800,13.628827235547694,86.37117276445231
900,13.606720459820934,86.39327954017907
