20,75.25146457389191,24.748535426108102
35,58.87034376036255,41.12965623963745
50,45.208356361224716,54.79164363877529
80,28.716701669061568,71.28329833093842
100,22.305736708301094,77.6942632916989
200,15.8505581960871,84.1494418039129
300,14.95523377915331,85.0447662208467
400,14.369404222394163,85.63059577760583
500,14.137283077263183,85.86271692273681
600,13.827788217088537,86.17221178291146
700,13.717254338454737,86.28274566154526
800,13.628827235547694,86.37117276445231
900,13.606720459820934,86.39327954017907
