20,77.98165137614679,22.018348623853214
35,61.512103459710396,38.487896540289604
50,50.42555543274013,49.57444456725987
80,31.66795622858406,68.33204377141594
100,25.002763346965846,74.99723665303415
200,16.005305626174422,83.99469437382557
300,15.02155410633359,84.9784458936664
400,14.590471979661768,85.40952802033823
500,14.093069525809659,85.90693047419033
600,13.827788217088537,86.17221178291146
700,13.717254338454737,86.28274566154526
800,13.628827235547694,86.37117276445231
900,13.606720459820934,86.39327954017907
