20,96.37448878081132,3.625511219188681
35,94.02011716591136,5.979882834088649
50,85.68586271692273,14.314137283077264
80,51.43141372830773,48.56858627169227
100,27.942964518624958,72.05703548137504
200,17.851221399358906,82.1487786006411
300,16.966950370288494,83.03304962971151
400,15.927931911130761,84.07206808886923
500,15.364209130098375,84.63579086990163
600,16.325853874212445,83.67414612578756
700,16.038465789764565,83.96153421023543
800,14.479938101027964,85.52006189897203
900,14.10412291367304,85.89587708632695
