39.62
25.15
25.15
25.15
25.15
25.58
27.63
27.25
27.88
31.43
19.54
29.29
19.54
29.29
22.99
25.85
27.91
20.92
29.29
19.54
29.29
21.23
27.60
26.15
22.69
29.29
19.54
29.29
19.54
29.29
24.42
24.42
29.29
19.54
29.29
19.54
29.29
22.76
26.08
27.67
21.16
29.29
19.54
29.29
20.98
27.85
25.92
22.92
29.29
19.54
29.29
19.54
29.29
24.29
24.55
29.20
19.63
29.29
19.54
29.29
22.51
26.33
27.44
21.39
29.29
19.54
29.29
20.75
28.08
25.67
23.17
29.29
19.54
29.29
19.54
29.29
24.04
24.80
28.97
19.86
29.29
19.54
29.29
22.28
26.56
27.19
21.64
29.29
19.54
29.29
20.51
28.32
25.44
23.40
29.29
19.54
29.29
19.54
29.29
23.81
