39.62
25.15
25.15
25.15
25.15
25.58
27.63
27.25
27.88
50.89
48.73
48.73
48.73
49.64
51.27
51.13
51.27
50.11
48.73
48.73
48.73
50.41
51.27
51.12
51.27
49.35
48.73
48.73
48.73
51.17
51.17
51.23
51.11
48.73
48.73
48.73
49.41
51.27
51.13
51.26
50.35
48.73
48.73
48.73
50.17
51.27
51.13
51.27
49.58
48.73
48.73
48.73
50.94
51.27
51.12
51.27
48.82
48.73
48.73
49.16
51.27
51.13
51.27
50.58
48.73
48.73
48.73
49.93
51.27
51.12
51.27
49.82
48.73
48.73
48.73
50.69
51.27
51.13
51.27
49.05
48.73
48.73
48.93
51.27
51.12
51.27
50.83
48.73
48.73
48.73
49.69
51.27
51.13
51.27
50.06
48.73
48.73
48.73
50.46
51.27
