39.61988304093567
25.146198830409354
25.146198830409354
25.146198830409354
25.146198830409354
25.584795321637426
27.631578947368425
27.251461988304094
27.87524366471735
22.09551656920078
29.97076023391813
20.224171539961013
29.97076023391813
21.276803118908383
28.918128654970758
26.20857699805068
24.132553606237817
29.97076023391813
20.224171539961013
29.97076023391813
20.224171539961013
29.97076023391813
24.580896686159846
25.760233918128655
29.35672514619883
20.83820662768031
29.97076023391813
20.224171539961013
29.97076023391813
22.807017543859647
27.53411306042885
27.59259259259259
22.60233918128655
29.97076023391813
20.224171539961013
29.97076023391813
21.04288499025341
29.152046783625728
25.97465886939571
24.366471734892787
29.97076023391813
20.224171539961013
29.97076023391813
20.224171539961013
29.97076023391813
24.337231968810915
26.003898635477583
29.122807017543863
21.072124756335285
29.97076023391813
20.224171539961013
29.97076023391813
22.573099415204677
27.631578947368425
27.485380116959064
22.846003898635477
29.97076023391813
20.224171539961013
29.97076023391813
20.799220272904485
29.39571150097466
25.730994152046783
24.610136452241715
29.97076023391813
20.224171539961013
29.97076023391813
20.224171539961013
29.97076023391813
24.103313840155945
26.237816764132553
28.879142300194932
21.31578947368421
29.97076023391813
20.224171539961013
29.97076023391813
22.329434697855753
27.865497076023395
27.26120857699805
23.079922027290447
29.97076023391813
20.224171539961013
29.97076023391813
20.56530214424951
29.629629629629626
25.48732943469786
24.853801169590643
29.97076023391813
20.224171539961013
29.97076023391813
20.224171539961013
29.97076023391813
23.859649122807017
26.481481481481485
28.64522417153996
21.549707602339183
29.97076023391813
20.224171539961013
29.97076023391813
22.09551656920078
28.099415204678362
