200,99.01336662385724,0.9866333761427596
26414,56.21653537588129,43.783464624118714
52628,44.407200528410165,55.592799471589835
78842,41.822929617372594,58.177070382627406
105056,37.25631738105431,62.7436826189457
131270,31.33405622304651,68.66594377695348
157484,24.51433517644576,75.48566482355425
183698,19.2129388713863,80.7870611286137
209912,15.723859547484711,84.27614045251529
236126,13.96318731132023,86.03681268867976
262340,12.633429120492728,87.36657087950728
288554,11.94788016436769,88.05211983563231
314768,11.507344679113016,88.49265532088698
340982,11.355418212206581,88.64458178779341
367196,11.07314943224105,88.92685056775895
393410,10.97672995796815,89.02327004203185
419624,10.641722699164234,89.35827730083577
445838,10.325650707551805,89.6743492924482
472052,10.083251944154634,89.91674805584536
498266,9.765761516461977,90.23423848353802
