44.35956592326754
5.461847389558233
42.94625309749637
24.284371528667865
0.41356917029821416
17.366487225497735
55.62847133213707
61.871315047423735
37.35110655387508
35.59600102537811
31.23301717508331
21.688455951465436
12.268649064342476
8.749893189780398
15.505425959155772
4.921814919251474
19.150645133726396
3.8024438178244893
3.9323250448602924
2.684781679911134
0.9724002392548919
0.18115013244467232
2.182346406904213
18.070580193112875
9.934204904725284
8.303853712723233
2.440399897462189
2.879603520464838
0.634025463556353
0.22729214731265485
0.5195249081432112
2.25412287447663
11.456891395368709
14.098948987439119
4.521917457062292
5.555840382807827
0.5195249081432112
1.830299923096642
27.423737503204304
20.916004443305138
22.15500299068615
1.9311287704007518
2.00119627445954
0.3452106297530548
0.12475433649491584
0.6750405878834487
3.3478595231991792
2.3002648893446125
0.751943945996753
0.5878834486883705
0.3024865419123302
0.19653080406733317
0.052977868922498506
16.73587968896864
34.20148679825686
13.697342561736306
4.075877980005127
19.136973425617363
51.03135948047509
21.81491925147398
18.391865333675124
2.363496539348885
1.808083397419465
5.976245407160556
27.440827138340595
0.854481756814492
0.6374433905836111
0.5349055797658719
0.4050243527300692
0.8032128514056224
1.387678373066735
1.2988122703580278
1.0134153635819876
0.3828078270528924
0.10253781081773904
43.749465948901985
1.27830470819448
0.31615825002136205
0.75707083653764
0.039306160813466634
0.08544817568144919
0.13500811757668973
0.8015038878919936
1.3398273946851236
0.43236776894813295
0.6118089378791763
0.53832350679313
0.5485772878749039
1.4628727676664102
4.388618302999231
66.16935828420063
1.0219601811501324
3.1855079894044263
1.5414850892933436
0.14013500811757668
0.23241903785354182
0.20507562163547807
2.2131077501495344
1.6833290609245493
0.645988208151756
