200,98.96751525032406,1.0324847496759386
26414,56.05847374568809,43.94152625431192
52628,45.46718243053295,54.53281756946705
78842,38.96978816597069,61.0302118340293
105056,35.76499419381135,64.23500580618865
131270,29.56174597518762,70.43825402481238
157484,22.058902694430415,77.94109730556958
183698,18.076566496027098,81.9234335039729
209912,16.023422993874238,83.97657700612577
236126,14.460972927523896,85.5390270724761
262340,12.830711362783825,87.16928863721617
288554,11.994739823789224,88.00526017621078
314768,11.459117852385237,88.54088214761477
340982,11.292101276336128,88.70789872366387
367196,11.039756370786028,88.96024362921398
393410,10.949848030809116,89.05015196919088
419624,10.629571999729984,89.37042800027002
445838,10.32252331233877,89.67747668766123
472052,10.07968021956707,89.92031978043293
498266,9.76528300790479,90.23471699209522
