200,97.31725886373016,2.6827411362698377
26414,61.11395083153679,38.88604916846321
52628,51.4818128296689,48.5181871703311
78842,43.633588908171646,56.36641109182835
105056,37.20675756620294,62.79324243379706
131270,31.753759496472284,68.24624050352772
157484,25.340616917157348,74.65938308284265
183698,19.963001034774756,80.03699896522525
209912,15.94851931508336,84.05148068491664
236126,13.812696370085353,86.18730362991465
262340,12.61290452130773,87.38709547869227
288554,11.931747590154004,88.068252409846
314768,11.5083700545927,88.4916299454073
340982,11.355418212206581,88.64458178779341
367196,11.07314943224105,88.92685056775895
393410,10.97672995796815,89.02327004203185
419624,10.641722699164234,89.35827730083577
445838,10.325650707551805,89.6743492924482
472052,10.083251944154634,89.91674805584536
498266,9.765761516461977,90.23423848353802
