100,0.0421008274593932,5.107774032076821e-05
200,0.07613137194810501,0.00042139135764633775
400,0.13696496067013994,0.00017877209112268874
600,0.2035703340484217,0.00020431096128307284
800,0.27115895392787825,0.00020431096128307284
1000,0.33718970272755133,0.00026815813668403307
1200,0.2767136581877618,0.004137296965982225
1400,0.2109766063949331,0.004877924200633364
1600,0.14549494330370824,0.005541934824803351
1800,0.07782970681377056,0.006027173357850649
2000,0.010368781285115947,0.006384717540096026
