100.00
100.00
98.85
84.55
0.00
0.00
61.43
98.85
95.27
0.00
0.13
50.57
98.85
100.00
6.13
0.13
39.72
98.85
100.00
16.99
0.13
28.86
98.98
99.87
27.84
0.13
18.01
100.00
98.85
38.70
0.13
7.15
100.00
98.85
49.55
0.13
0.00
96.30
98.85
60.41
0.13
0.00
85.44
98.85
71.26
0.13
0.00
74.58
98.85
82.12
0.00
0.13
63.73
98.85
92.98
0.00
0.13
52.87
98.85
100.00
3.83
0.13
42.02
98.85
100.00
14.69
0.13
0.00
21.20
53.26
34.87
49.43
23.12
8.94
54.53
46.10
60.92
35.12
39.85
63.73
70.75
44.32
50.83
10.98
24.39
55.68
45.85
51.34
26.31
8.81
42.53
71.39
71.26
50.45
27.33
19.16
18.39
28.61
35.76
53.64
