100.00
100.00
98.85
100.00
100.00
98.85
100.00
98.85
100.00
100.00
98.85
100.00
98.85
100.00
100.00
98.85
100.00
98.85
100.00
100.00
98.85
100.00
98.98
99.87
100.00
98.85
100.00
100.00
98.85
100.00
98.85
100.00
100.00
98.85
100.00
98.85
100.00
100.00
98.85
100.00
98.85
100.00
100.00
98.85
100.00
98.85
100.00
100.00
98.85
100.00
100.00
98.85
100.00
98.85
100.00
100.00
98.85
100.00
98.85
100.00
100.00
98.85
100.00
98.85
100.00
100.00
76.76
63.98
48.28
53.26
32.57
49.30
24.65
8.94
53.13
44.96
60.41
36.53
40.61
37.68
70.88
43.04
57.60
12.13
28.48
51.34
44.96
53.00
27.46
10.09
41.89
70.37
70.63
51.21
26.82
19.03
18.01
28.61
35.76
53.64
