100.0
100.0
55.68326947637292
0.0
0.0
0.0
0.0
0.1277139208173691
0.0
0.0
0.1277139208173691
0.0
0.1277139208173691
0.0
0.0
0.1277139208173691
0.0
0.1277139208173691
0.0
0.0
0.1277139208173691
0.0
0.1277139208173691
0.0
0.0
0.1277139208173691
0.0
0.0
0.1277139208173691
0.0
0.1277139208173691
0.0
0.0
0.1277139208173691
0.0
0.1277139208173691
0.0
0.0
0.1277139208173691
0.0
0.1277139208173691
0.0
0.0
0.1277139208173691
0.0
0.1277139208173691
0.0
0.0
0.1277139208173691
0.0
0.0
0.1277139208173691
0.0
0.1277139208173691
0.0
0.0
0.1277139208173691
0.0
0.1277139208173691
0.0
0.0
0.1277139208173691
0.0
0.1277139208173691
0.0
0.0
0.1277139208173691
0.0
0.0
0.0
0.0
25.67049808429119
22.60536398467433
8.812260536398467
23.49936143039591
7.151979565772669
41.123882503192846
33.077905491698594
39.71902937420179
36.90932311621967
37.675606641123885
12.899106002554278
24.393358876117496
10.855683269476373
9.961685823754788
14.431673052362706
12.005108556832694
21.455938697318008
25.67049808429119
8.045977011494253
22.60536398467433
35.1213282247765
35.24904214559387
48.78671775223499
26.69220945083014
18.64623243933589
18.007662835249043
5.236270753512133
35.37675606641124
53.63984674329502
54278416347382
8.045977011494253
22.60536398467433
35.887611749680715
36.52618135376756
49.55300127713921
26.947637292464876
18.773946360153257
18.007662835249043
28.607918263090674
35.759897828863345
53.63984674329502
