100.0
100.0
99.87228607918263
100.0
100.0
99.87228607918263
100.0
99.87228607918263
100.0
100.0
74.84035759897829
100.0
87.6117496807152
100.0
100.0
87.10089399744572
100.0
88.12260536398468
99.48914431673053
100.0
87.10089399744572
100.0
98.97828863346105
88.63346104725414
99.74457215836526
87.6117496807152
99.74457215836526
100.0
87.6117496807152
99.74457215836526
87.35632183908046
100.0
100.0
87.6117496807152
100.0
87.10089399744572
100.0
100.0
87.35632183908046
100.0
87.6117496807152
100.0
99.74457215836526
87.48403575989782
100.0
97.82886334610473
89.78288633461047
99.74457215836526
87.35632183908046
100.0
100.0
87.6117496807152
100.0
87.2286079182631
100.0
100.0
87.6117496807152
99.74457215836526
87.6117496807152
99.74457215836526
100.0
87.6117496807152
100.0
87.10089399744572
100.0
100.0
65.38952745849298
95.65772669220945
89.39974457215837
98.33971902937421
94.38058748403576
96.16858237547893
97.9565772669221
95.27458492975734
97.31800766283524
95.91315453384419
97.9565772669221
98.08429118773945
96.29629629629629
99.87228607918263
100.0
95.01915708812261
99.36143039591315
95.14687100893997
96.42401021711366
99.48914431673053
93.74201787994892
97.57343550446998
97.06257982120052
95.78544061302682
96.55172413793103
97.31800766283524
99.74457215836526
86.59003831417624
47.509578544061306
77.13920817369093
96.04086845466155
85.82375478927203
92.33716475095785
95.78544061302682
