100.0
100.0
98.33971902937421
33.971902937420175
65.64495530012772
87.6117496807152
10.217113665389528
98.33971902937421
44.699872286079184
27.458492975734355
71.13665389527458
0.0
97.70114942528735
55.55555555555556
0.0
3.5759897828863343
0.0
76.62835249042146
45.4661558109834
0.0
34.73818646232439
0.0
76.75606641123882
45.4661558109834
9.70625798212005
56.194125159642404
0.0
66.9220945083014
55.30012771392082
0.0
58.36526181353767
21.58365261813538
45.4661558109834
28.097062579821202
0.0
56.44955300127714
23.49936143039591
45.4661558109834
18.26309067688378
9.83397190293742
56.44955300127714
23.49936143039591
36.015325670498086
33.4610472541507
20.689655172413794
64.11238825031928
23.49936143039591
25.15964240102171
67.17752234993614
31.545338441890163
23.49936143039591
7.790549169859514
12.643678160919542
67.17752234993614
42.40102171136654
23.49936143039591
7.790549169859514
1.7879948914431671
74.96807151979566
45.4661558109834
26.053639846743295
55.55555555555556
0.0
53.25670498084292
20.306513409961685
15.197956577266922
44.95530012771392
28.097062579821202
0.6385696040868455
22.349936143039592
36.015325670498086
49.297573435504475
44.699872286079184
9.83397190293742
22.7330779054917
35.24904214559387
58.23754789272031
51.979565772669226
42.40102171136654
37.16475095785441
57.34355044699873
44.18901660280971
46.87100893997446
18.007662835249043
18.39080459770115
41.251596424010216
45.84929757343551
52.61813537675607
43.93358876117497
8.812260536398467
31.545338441890163
68.71008939974456
68.5823754789272
47.89272030651341
26.181353767560665
7.662835249042145
5.491698595146871
28.607918263090674
35.759897828863345
53.63984674329502
