100.0
100.0
99.87228607918263
100.0
100.0
99.87228607918263
100.0
99.87228607918263
100.0
96.42401021711366
53.00127713920817
100.0
77.2669220945083
97.57343550446998
100.0
74.32950191570882
100.0
88.12260536398468
86.71775223499361
100.0
74.32950191570882
100.0
98.97828863346105
75.86206896551724
99.74457215836526
74.71264367816092
100.0
100.0
74.84035759897829
99.74457215836526
74.58492975734356
100.0
100.0
74.84035759897829
100.0
75.86206896551724
98.46743295019157
100.0
74.58492975734356
100.0
86.97318007662835
87.86717752234993
99.74457215836526
74.58492975734356
100.0
97.82886334610473
77.01149425287356
100.0
74.32950191570882
100.0
100.0
74.58492975734356
100.0
74.84035759897829
99.74457215836526
100.0
74.58492975734356
100.0
74.96807151979566
99.87228607918263
99.74457215836526
74.58492975734356
100.0
85.82375478927203
89.01660280970626
99.74457215836526
52.490421455938694
85.31289910600255
81.73690932311622
88.37803320561942
79.6934865900383
68.71008939974456
85.5683269476373
73.9463601532567
84.41890166028098
82.6309067688378
95.53001277139208
95.40229885057471
91.18773946360153
88.50574712643679
86.97318007662835
69.47637292464879
95.91315453384419
92.08173690932313
96.55172413793103
84.2911877394636
87.48403575989782
87.86717752234993
88.88888888888889
95.65772669220945
95.14687100893997
97.06257982120052
89.272030651341
59.25925925925925
36.90932311621967
49.68071519795657
54.78927203065134
74.58492975734356
86.71775223499361
92.5925925925926
