100.0
100.0
99.36143039591315
100.0
100.0
99.36143039591315
100.0
99.36143039591315
100.0
45.84929757343551
1.7879948914431671
100.0
77.2669220945083
46.99872286079182
100.0
31.928480204342275
90.80459770114942
88.12260536398468
36.14303959131545
100.0
42.78416347381865
79.94891443167306
98.97828863346105
25.287356321839084
99.23371647509579
54.406130268199234
69.09323116219667
100.0
23.49936143039591
100.0
65.26181353767561
58.36526181353767
100.0
23.627075351213282
100.0
76.11749680715198
47.381864623243935
100.0
31.545338441890163
91.95402298850574
86.97318007662835
36.65389527458493
100.0
42.40102171136654
81.22605363984674
97.82886334610473
25.67049808429119
100.0
53.25670498084292
70.242656449553
100.0
23.627075351213282
100.0
64.11238825031928
59.514687100893994
100.0
23.49936143039591
100.0
74.96807151979566
48.53128991060026
100.0
30.395913154533844
93.23116219667943
85.82375478927203
37.80332056194125
100.0
41.251596424010216
24.393358876117496
63.601532567049816
66.28352490421456
58.23754789272031
61.813537675606646
66.5389527458493
57.21583652618135
70.11494252873564
69.98722860791827
72.66922094508301
65.13409961685824
67.68837803320562
72.2860791826309
73.5632183908046
61.558109833971905
79.3103448275862
68.96551724137932
81.22605363984674
68.19923371647509
74.58492975734356
71.00893997445722
71.13665389527458
73.05236270753512
72.66922094508301
86.71775223499361
75.73435504469987
52.23499361430396
30.779054916985952
42.911877394636015
18.007662835249043
29.118773946360154
35.759897828863345
53.76756066411239
