100.0
100.0
98.85057471264368
100.0
100.0
98.85057471264368
100.0
66.66666666666666
5.747126436781609
100.0
21.839080459770116
50.57471264367817
77.2669220945083
0.0
95.40229885057471
32.69476372924649
39.84674329501915
88.12260536398468
0.0
84.41890166028098
43.55044699872286
28.991060025542787
98.97828863346105
0.0
73.5632183908046
54.406130268199234
18.135376756066414
100.0
9.83397190293742
62.70753512132823
65.26181353767561
7.2796934865900385
100.0
20.689655172413794
51.85185185185185
76.11749680715198
0.0
96.42401021711366
31.545338441890163
40.99616858237548
86.97318007662835
0.0
85.5683269476373
42.40102171136654
30.140485312899106
97.82886334610473
0.0
74.71264367816092
53.25670498084292
19.284802043422733
100.0
8.684546615581098
63.85696040868455
64.11238825031928
8.42911877394636
100.0
19.54022988505747
53.00127713920817
74.96807151979566
0.0
97.57343550446998
30.395913154533844
42.1455938697318
85.82375478927203
0.0
86.71775223499361
41.251596424010216
0.0
21.328224776500637
53.00127713920817
31.417624521072796
50.191570881226056
45.4661558109834
38.31417624521073
56.32183908045977
44.18901660280971
60.02554278416348
51.979565772669226
67.04980842911877
71.13665389527458
72.41379310344827
61.1749680715198
76.50063856960408
42.27330779054917
63.72924648786717
55.427841634738186
46.61558109833972
54.1507024265645
59.00383141762452
43.29501915708812
57.21583652618135
72.79693486590038
73.30779054916987
51.59642401021711
29.88505747126437
42.27330779054917
18.007662835249043
28.607918263090674
35.759897828863345
53.63984674329502
