100.0
100.0
81.22605363984674
0.0
14.559386973180077
36.52618135376756
0.0
51.08556832694764
0.0
3.7037037037037033
45.21072796934866
0.0
43.67816091954023
0.38314176245210724
0.0
11.749680715197956
0.0
32.82247765006386
11.11111111111111
0.0
11.749680715197956
0.0
23.116219667943806
20.81736909323116
0.0
11.749680715197956
0.0
13.282247765006385
30.65134099616858
0.0
11.749680715197956
0.0
2.4265644955300125
41.50702426564495
0.0
10.217113665389528
1.532567049808429
0.0
43.93358876117497
0.0
7.151979565772669
4.597701149425287
0.0
43.93358876117497
0.0
7.0242656449553005
4.725415070242656
0.0
43.93358876117497
0.0
4.597701149425287
7.151979565772669
0.0
43.93358876117497
0.0
4.597701149425287
7.151979565772669
0.0
43.93358876117497
0.0
0.0
11.749680715197956
0.0
35.1213282247765
8.812260536398467
0.0
12.132822477650064
1.532567049808429
0.0
0.0
0.0
48.91443167305236
26.053639846743295
8.684546615581098
23.754789272030653
7.2796934865900385
50.31928480204342
42.911877394636015
47.254150702426564
39.20817369093231
38.95274584929757
26.181353767560665
36.39846743295019
9.578544061302683
10.727969348659004
25.67049808429119
27.458492975734355
51.34099616858238
28.991060025542787
10.217113665389528
23.627075351213282
38.95274584929757
70.11494252873564
47.509578544061306
25.54278416347382
6.385696040868455
5.108556832694764
18.135376756066414
35.759897828863345
53.63984674329502
