100.0
100.0
55.68326947637292
0.0
0.0
0.0
0.0
0.1277139208173691
0.0
0.0
0.1277139208173691
0.0
0.1277139208173691
0.0
0.0
0.1277139208173691
0.0
0.1277139208173691
0.0
0.0
0.1277139208173691
0.0
0.1277139208173691
0.0
0.0
0.1277139208173691
0.0
0.0
0.1277139208173691
0.0
0.1277139208173691
0.0
0.0
0.1277139208173691
0.0
0.1277139208173691
0.0
0.0
0.1277139208173691
0.0
0.1277139208173691
0.0
0.0
0.1277139208173691
0.0
0.1277139208173691
0.0
0.0
0.1277139208173691
0.0
0.0
0.1277139208173691
0.0
0.1277139208173691
0.0
0.0
0.1277139208173691
0.0
0.1277139208173691
0.0
0.0
0.1277139208173691
0.0
0.1277139208173691
0.0
0.0
0.1277139208173691
0.0
0.0
0.0
0.0
25.54278416347382
22.60536398467433
8.684546615581098
23.371647509578544
7.2796934865900385
41.63473818646232
39.84674329501915
46.487867177522354
38.95274584929757
38.69731800766284
16.47509578544061
32.43933588761175
8.812260536398467
10.217113665389528
21.58365261813538
20.178799489144318
48.91443167305236
26.56449553001277
12.899106002554278
23.754789272030653
36.39846743295019
55.81098339719029
50.57471264367817
28.35249042145594
8.55683269476373
10.727969348659004
7.662835249042145
26.56449553001277
53.63984674329502
