100.0
100.0
99.61685823754789
100.0
100.0
99.61685823754789
100.0
99.61685823754789
100.0
71.13665389527458
27.330779054916988
100.0
77.2669220945083
72.2860791826309
100.0
48.53128991060026
100.0
88.12260536398468
61.430395913154534
99.48914431673053
49.042145593869726
100.0
98.97828863346105
50.57471264367817
99.48914431673053
54.406130268199234
94.76372924648787
100.0
49.55300127713921
99.48914431673053
65.26181353767561
83.78033205619413
100.0
49.55300127713921
99.48914431673053
76.11749680715198
72.92464878671775
100.0
49.55300127713921
99.48914431673053
86.97318007662835
62.196679438058744
100.0
49.042145593869726
100.0
97.82886334610473
51.213282247765
100.0
53.25670498084292
95.78544061302682
100.0
49.55300127713921
99.48914431673053
64.11238825031928
84.92975734355045
100.0
49.042145593869726
100.0
74.96807151979566
74.07407407407408
100.0
49.042145593869726
100.0
85.82375478927203
63.2183908045977
100.0
41.251596424010216
50.191570881226056
64.62324393358875
71.26436781609196
60.53639846743295
63.72924648786717
71.26436781609196
61.1749680715198
70.49808429118774
71.9029374201788
72.66922094508301
65.38952745849298
68.45466155810983
75.86206896551724
74.07407407407408
63.346104725415074
80.07662835249042
70.37037037037037
88.37803320561942
68.83780332056195
76.88378033205619
74.58492975734356
73.43550446998724
73.05236270753512
73.43550446998724
93.48659003831418
83.65261813537676
53.89527458492975
32.31162196679438
43.67816091954023
42.017879948914434
53.00127713920817
35.759897828863345
53.76756066411239
