100.0
100.0
99.10600255427842
100.0
100.0
99.10600255427842
100.0
99.10600255427842
100.0
20.561941251596423
0.1277139208173691
76.11749680715198
77.2669220945083
21.711366538952745
100.0
31.673052362707537
65.26181353767561
88.12260536398468
10.855683269476373
100.0
42.5287356321839
54.406130268199234
98.97828863346105
0.0
100.0
53.38441890166028
43.55044699872286
100.0
9.83397190293742
89.14431673052363
64.24010217113666
32.69476372924649
100.0
20.689655172413794
78.28863346104725
75.09578544061303
21.839080459770116
100.0
31.545338441890163
66.41123882503193
86.97318007662835
11.11111111111111
100.0
42.40102171136654
55.68326947637292
97.82886334610473
0.1277139208173691
100.0
53.25670498084292
44.699872286079184
100.0
8.684546615581098
89.39974457215837
64.11238825031928
33.971902937420175
100.0
19.54022988505747
78.41634738186463
74.96807151979566
22.988505747126435
100.0
30.395913154533844
67.68837803320562
85.82375478927203
12.260536398467432
100.0
41.251596424010216
0.0
58.876117496807154
65.38952745849298
53.38441890166028
58.748403575989784
63.72924648786717
53.89527458492975
65.77266922094508
68.71008939974456
69.09323116219667
65.00638569604087
67.17752234993614
71.51979565772669
72.92464878671775
61.1749680715198
76.75606641123882
66.66666666666666
75.73435504469987
67.43295019157088
70.88122605363985
67.17752234993614
71.13665389527458
68.83780332056195
69.8595146871009
86.33461047254151
74.84035759897829
52.23499361430396
29.88505747126437
42.40102171136654
18.007662835249043
28.607918263090674
35.759897828863345
53.63984674329502
