100.0
100.0
98.59514687100895
59.25925925925925
91.18773946360153
98.59514687100895
50.31928480204342
98.59514687100895
69.98722860791827
0.0
1.532567049808429
25.15964240102171
95.78544061302682
80.84291187739464
0.0
4.342273307790549
14.17624521072797
95.78544061302682
91.69859514687101
0.0
7.151979565772669
3.3205619412515963
98.97828863346105
96.80715197956577
2.554278416347382
7.151979565772669
0.0
92.46487867177522
95.78544061302682
13.409961685823754
7.151979565772669
0.0
81.60919540229885
95.78544061302682
24.26564495530013
7.151979565772669
0.0
70.75351213282248
95.78544061302682
35.1213282247765
7.151979565772669
0.0
59.897828863346106
95.78544061302682
45.97701149425287
7.151979565772669
0.0
49.042145593869726
95.78544061302682
56.83269476372924
0.0
7.151979565772669
38.18646232439336
95.78544061302682
67.68837803320562
0.0
7.151979565772669
27.330779054916988
95.78544061302682
78.544061302682
0.0
7.151979565772669
16.47509578544061
95.78544061302682
89.39974457215837
0.0
7.151979565772669
0.0
0.0
48.275862068965516
31.928480204342275
49.55300127713921
26.436781609195403
9.067688378033207
34.099616858237546
47.509578544061306
60.79182630906769
42.911877394636015
48.78671775223499
44.31673052362707
73.81864623243933
44.18901660280971
34.86590038314176
13.026819923371647
30.268199233716476
62.06896551724138
48.53128991060026
51.46871008939975
27.458492975734355
13.665389527458494
49.55300127713921
70.11494252873564
68.19923371647509
51.213282247765
27.07535121328225
7.535121328224776
12.51596424010217
26.81992337164751
35.759897828863345
53.63984674329502
