100.0
100.0
98.08429118773945
8.684546615581098
40.102171136653894
62.06896551724138
0.0
82.75862068965517
19.4125159642401
29.246487867177525
72.92464878671775
0.0
4.086845466155811
0.0
18.39080459770115
83.78033205619413
0.0
4.086845466155811
0.0
7.535121328224776
94.6360153256705
0.0
2.0434227330779056
2.0434227330779056
0.0
94.76372924648787
7.4074074074074066
0.0
4.086845466155811
0.0
83.9080459770115
18.26309067688378
0.0
4.086845466155811
0.0
73.05236270753512
29.118773946360154
0.0
4.086845466155811
0.0
62.196679438058744
39.97445721583653
0.0
4.086845466155811
0.0
51.34099616858238
50.8301404853129
0.0
4.086845466155811
0.0
42.40102171136654
59.77011494252874
0.0
4.086845466155811
0.0
31.545338441890163
70.62579821200511
0.0
4.086845466155811
0.0
20.689655172413794
81.48148148148148
0.0
4.086845466155811
0.0
9.83397190293742
85.31289910600255
44.699872286079184
39.97445721583653
27.713920817369093
40.229885057471265
71.13665389527458
72.2860791826309
54.5338441890166
46.36015325670498
35.1213282247765
64.75095785440614
73.18007662835248
59.00383141762452
52.23499361430396
43.039591315453386
33.205619412515965
55.427841634738186
38.69731800766284
31.928480204342275
16.85823754789272
30.52362707535121
67.30523627075351
46.61558109833972
23.754789272030653
35.50446998722861
40.229885057471265
68.96551724137932
52.23499361430396
30.906768837803323
24.26564495530013
22.988505747126435
29.88505747126437
52.490421455938694
61.94125159642401
