200,54.411450939783855,45.58854906021615
39521,31.092442818475984,68.90755718152401
78842,24.717928925833522,75.28207107416648
118163,20.267045722144623,79.73295427785538
157484,18.559115048331787,81.44088495166821
196805,17.168902531345882,82.83109746865411
236126,16.568030691102976,83.43196930889702
275447,15.54209643092969,84.45790356907031
314768,14.871115763960209,85.1288842360398
354089,13.701518466152892,86.29848153384711
393410,13.009122681912332,86.99087731808767
432731,12.070840259661853,87.92915974033815
472052,11.614263637636618,88.38573636236339
511373,11.263150541478474,88.73684945852153
550694,11.105990448383562,88.89400955161643
