200,54.11160768895956,45.888392311040434
39521,31.270575502433424,68.72942449756658
78842,25.406673867203516,74.59332613279649
118163,20.42095008523375,79.57904991476626
157484,18.538031825867122,81.46196817413288
196805,17.077109910600182,82.92289008939981
236126,16.148215370016878,83.85178462998313
275447,15.63904132343212,84.36095867656788
314768,14.863229311179197,85.1367706888208
354089,13.72541489221479,86.27458510778521
393410,12.990173068917482,87.00982693108251
432731,12.058101820901344,87.94189817909866
472052,11.598348491443279,88.40165150855672
511373,11.24785177135419,88.75214822864581
550694,11.090928745978147,88.90907125402185
