200,52.47223699944337,47.52776300055663
39521,31.612980311051814,68.38701968894819
78842,24.67648948857539,75.3235105114246
118163,20.32575949385094,79.67424050614906
157484,18.92721799767547,81.07278200232453
196805,17.636921621935148,82.36307837806484
236126,16.513473506734144,83.48652649326586
275447,15.532945616981381,84.46705438301862
314768,14.871115763960209,85.1288842360398
354089,13.701518466152892,86.29848153384711
393410,13.009122681912332,86.99087731808767
432731,12.070840259661853,87.92915974033815
472052,11.614263637636618,88.38573636236339
511373,11.263150541478474,88.73684945852153
550694,11.105990448383562,88.89400955161643
