45.75095222290709
53.17908112465033
39.547674363472574
38.62627028906485
30.031767104452133
10.834005025840405
33.412355981224216
26.592701468240797
4.406302846395778
2.2063123291135236
6.99982615017464
39.04825122880217
85.19747759707931
14.23513979106412
19.929511798081332
4.147108561313672
0.07744219493306781
0.1216948777519637
18.52132821266575
29.78837734894821
0.960915398353168
0.02844815324071879
7.224250470184755
0.6353420890427197
47.60640399538508
5.9946580690025755
17.993456924754632
20.346751378945203
0.2955447031119119
0.8724100327153763
34.97858486242157
0.060057212397073
0.08692491267997408
0.1058903481737866
0.08376400676433866
0.12801668958323456
35.18088284102224
0.06637902422834385
0.4867795110078548
0.18017163719121898
0.1943957138115784
0.5199690231220268
0.20071752564284925
0.017384982535994818
7.159451898914229
2.2695304474262326
1.0984148056833087
0.02686770028290108
0.11537306592069288
0.007902264789088552
0.3887914276231568
0.4441072811467767
0.41091776903260474
0.8645077679262876
0.014224076620359394
0.529451740868933
0.004741358873453131
0.02054588845163024
0.011063170704723974
0.014224076620359394
4.720812985001501
0.0
0.05689630648143758
0.9545935865218971
0.014224076620359394
0.0015804529578177103
0.0
0.0
0.9593349453953502
0.0
0.0031609059156354207
0.0031609059156354207
3.007601978727103
1.6673778704976847
0.006321811831270841
2.778436299843535
11.146934711488313
9.787745167765081
5.569516223349612
20.62649155247894
16.030534351145036
28.35174561029191
22.941855135681884
6.705861900020546
19.52965719975345
38.58201760624595
27.550455960678335
29.562372575980277
17.995037377712453
20.74186461839963
21.271316359268567
45.63715960994421
17.84331389376195
17.647337726992557
12.352820318303227
5.940922668436774
7.892782071341646
0.09166627155342721
0.7791633082041313
0.05847675943925529
